  -9.9983531e-01
  -9.9949865e-01
  -9.9914712e-01
  -9.9878006e-01
  -9.9839679e-01
  -9.9799660e-01
  -9.9757877e-01
  -9.9714250e-01
  -9.9668701e-01
  -9.9621145e-01
  -9.9571494e-01
  -9.9519658e-01
  -9.9465542e-01
  -9.9409047e-01
  -9.9350069e-01
  -9.9288502e-01
  -9.9224232e-01
  -9.9157144e-01
  -9.9087115e-01
  -9.9014020e-01
  -9.8937726e-01
  -9.8858095e-01
  -9.8774985e-01
  -9.8688248e-01
  -9.8597727e-01
  -9.8503262e-01
  -9.8404685e-01
  -9.8301820e-01
  -9.8194488e-01
  -9.8082498e-01
  -9.7965654e-01
  -9.7843753e-01
  -9.7716581e-01
  -9.7583918e-01
  -9.7445536e-01
  -9.7301195e-01
  -9.7150650e-01
  -9.6993643e-01
  -9.6829908e-01
  -9.6659170e-01
  -9.6481141e-01
  -9.6295525e-01
  -9.6102014e-01
  -9.5900289e-01
  -9.5690020e-01
  -9.5470865e-01
  -9.5242469e-01
  -9.5004467e-01
  -9.4756481e-01
  -9.4498118e-01
  -9.4228976e-01
  -9.3948637e-01
  -9.3656671e-01
  -9.3352634e-01
  -9.3036068e-01
  -9.2706502e-01
  -9.2363452e-01
  -9.2006419e-01
  -9.1634890e-01
  -9.1248339e-01
  -9.0846225e-01
  -9.0427995e-01
  -8.9993083e-01
  -8.9540906e-01
  -8.9070873e-01
  -8.8582378e-01
  -8.8074802e-01
  -8.7547516e-01
  -8.6999879e-01
  -8.6431242e-01
  -8.5840944e-01
  -8.5228317e-01
  -8.4592683e-01
  -8.3933362e-01
  -8.3249665e-01
  -8.2540900e-01
  -8.1806375e-01
  -8.1045394e-01
  -8.0257264e-01
  -7.9441296e-01
  -7.8596803e-01
  -7.7723109e-01
  -7.6819545e-01
  -7.5885455e-01
  -7.4920199e-01
  -7.3923152e-01
  -7.2893712e-01
  -7.1831300e-01
  -7.0735364e-01
  -6.9605382e-01
  -6.8440865e-01
  -6.7241363e-01
  -6.6006466e-01
  -6.4735808e-01
  -6.3429073e-01
  -6.2085995e-01
  -6.0706365e-01
  -5.9290035e-01
  -5.7836918e-01
  -5.6346997e-01
  -5.4820322e-01
  -5.3257021e-01
  -5.1657297e-01
  -5.0021433e-01
  -4.8349796e-01
  -4.6642839e-01
  -4.4901101e-01
  -4.3125213e-01
  -4.1315895e-01
  -3.9473960e-01
  -3.7600312e-01
  -3.5695951e-01
  -3.3761965e-01
  -3.1799536e-01
  -2.9809935e-01
  -2.7794521e-01
  -2.5754737e-01
  -2.3692108e-01
  -2.1608240e-01
  -1.9504809e-01
  -1.7383561e-01
  -1.5246308e-01
  -1.3094919e-01
  -1.0931312e-01
  -8.7574541e-02
  -6.5753485e-02
  -4.3870297e-02
  -2.1945556e-02
   0.0000000e+00
   2.1945556e-02
   4.3870297e-02
   6.5753485e-02
   8.7574541e-02
   1.0931312e-01
   1.3094919e-01
   1.5246308e-01
   1.7383561e-01
   1.9504809e-01
   2.1608240e-01
   2.3692108e-01
   2.5754737e-01
   2.7794521e-01
   2.9809935e-01
   3.1799536e-01
   3.3761965e-01
   3.5695951e-01
   3.7600312e-01
   3.9473960e-01
   4.1315895e-01
   4.3125213e-01
   4.4901101e-01
   4.6642839e-01
   4.8349796e-01
   5.0021433e-01
   5.1657297e-01
   5.3257021e-01
   5.4820322e-01
   5.6346997e-01
   5.7836918e-01
   5.9290035e-01
   6.0706365e-01
   6.2085995e-01
   6.3429073e-01
   6.4735808e-01
   6.6006466e-01
   6.7241363e-01
   6.8440865e-01
   6.9605382e-01
   7.0735364e-01
   7.1831300e-01
   7.2893712e-01
   7.3923152e-01
   7.4920199e-01
   7.5885455e-01
   7.6819545e-01
   7.7723109e-01
   7.8596803e-01
   7.9441296e-01
   8.0257264e-01
   8.1045394e-01
   8.1806375e-01
   8.2540900e-01
   8.3249665e-01
   8.3933362e-01
   8.4592683e-01
   8.5228317e-01
   8.5840944e-01
   8.6431242e-01
   8.6999879e-01
   8.7547516e-01
   8.8074802e-01
   8.8582378e-01
   8.9070873e-01
   8.9540906e-01
   8.9993083e-01
   9.0427995e-01
   9.0846225e-01
   9.1248339e-01
   9.1634890e-01
   9.2006419e-01
   9.2363452e-01
   9.2706502e-01
   9.3036068e-01
   9.3352634e-01
   9.3656671e-01
   9.3948637e-01
   9.4228976e-01
   9.4498118e-01
   9.4756481e-01
   9.5004467e-01
   9.5242469e-01
   9.5470865e-01
   9.5690020e-01
   9.5900289e-01
   9.6102014e-01
   9.6295525e-01
   9.6481141e-01
   9.6659170e-01
   9.6829908e-01
   9.6993643e-01
   9.7150650e-01
   9.7301195e-01
   9.7445536e-01
   9.7583918e-01
   9.7716581e-01
   9.7843753e-01
   9.7965654e-01
   9.8082498e-01
   9.8194488e-01
   9.8301820e-01
   9.8404685e-01
   9.8503262e-01
   9.8597727e-01
   9.8688248e-01
   9.8774985e-01
   9.8858095e-01
   9.8937726e-01
   9.9014020e-01
   9.9087115e-01
   9.9157144e-01
   9.9224232e-01
   9.9288502e-01
   9.9350069e-01
   9.9409047e-01
   9.9465542e-01
   9.9519658e-01
   9.9571494e-01
   9.9621145e-01
   9.9668701e-01
   9.9714250e-01
   9.9757877e-01
   9.9799660e-01
   9.9839679e-01
   9.9878006e-01
   9.9914712e-01
   9.9949865e-01
   9.9983531e-01
