   9.9917592e-01   9.9927421e-01   9.9932716e-01   9.9935412e-01   9.9932982e-01   9.9910089e-01   9.9858055e-01   9.9837627e-01   9.9838859e-01   9.9843625e-01   9.9850940e-01   9.9859958e-01   9.9870595e-01   9.9880951e-01   9.9887406e-01   9.9898723e-01   9.9917132e-01   9.9927107e-01   9.9932504e-01   9.9935069e-01   9.9931842e-01   9.9907708e-01   9.9852738e-01   9.9838556e-01   9.9840447e-01   9.9843883e-01   9.9852281e-01   9.9860911e-01   9.9871438e-01   9.9880516e-01   9.9887769e-01   9.9898299e-01
   9.9749135e-01   9.9779057e-01   9.9795174e-01   9.9803382e-01   9.9795985e-01   9.9726290e-01   9.9567890e-01   9.9505710e-01   9.9509459e-01   9.9523968e-01   9.9546237e-01   9.9573687e-01   9.9606068e-01   9.9637594e-01   9.9657243e-01   9.9691696e-01   9.9747736e-01   9.9778101e-01   9.9794529e-01   9.9802337e-01   9.9792513e-01   9.9719042e-01   9.9551707e-01   9.9508538e-01   9.9514294e-01   9.9524754e-01   9.9550318e-01   9.9576587e-01   9.9608633e-01   9.9636270e-01   9.9658349e-01   9.9690406e-01
   9.9573241e-01   9.9624140e-01   9.9651556e-01   9.9665519e-01   9.9652932e-01   9.9534367e-01   9.9264925e-01   9.9159171e-01   9.9165545e-01   9.9190223e-01   9.9228099e-01   9.9274786e-01   9.9329867e-01   9.9383492e-01   9.9416918e-01   9.9475531e-01   9.9570862e-01   9.9622514e-01   9.9650459e-01   9.9663741e-01   9.9647025e-01   9.9522036e-01   9.9237402e-01   9.9163980e-01   9.9173770e-01   9.9191557e-01   9.9235037e-01   9.9279721e-01   9.9334229e-01   9.9381241e-01   9.9418798e-01   9.9473338e-01
   9.9389590e-01   9.9462387e-01   9.9501599e-01   9.9521569e-01   9.9503558e-01   9.9333975e-01   9.8948665e-01   9.8797464e-01   9.8806563e-01   9.8841843e-01   9.8895990e-01   9.8962735e-01   9.9041504e-01   9.9118190e-01   9.9165997e-01   9.9249840e-01   9.9386187e-01   9.9460061e-01   9.9500029e-01   9.9519025e-01   9.9495109e-01   9.9316339e-01   9.8909320e-01   9.8804335e-01   9.8818325e-01   9.8843745e-01   9.8905905e-01   9.8969797e-01   9.9047740e-01   9.9114973e-01   9.9168685e-01   9.9246705e-01
   9.9197850e-01   9.9293502e-01   9.9345026e-01   9.9371265e-01   9.9347589e-01   9.9124774e-01   9.8618655e-01   9.8420088e-01   9.8432002e-01   9.8478308e-01   9.8549392e-01   9.8637019e-01   9.8740483e-01   9.8841221e-01   9.8904036e-01   9.9014223e-01   9.9193378e-01   9.9290446e-01   9.9342964e-01   9.9367922e-01   9.9336485e-01   9.9101600e-01   9.8566997e-01   9.8429099e-01   9.8447448e-01   9.8480801e-01   9.8562402e-01   9.8646302e-01   9.8748675e-01   9.8836998e-01   9.8907565e-01   9.9010106e-01
   9.8997676e-01   9.9117177e-01   9.9181552e-01   9.9214334e-01   9.9184739e-01   9.8906431e-01   9.8274498e-01   9.8026618e-01   9.8041413e-01   9.8099145e-01   9.8187815e-01   9.8297133e-01   9.8426313e-01   9.8552109e-01   9.8630581e-01   9.8768271e-01   9.8992090e-01   9.9113359e-01   9.9178974e-01   9.9210155e-01   9.9170864e-01   9.8877481e-01   9.8210036e-01   9.8037838e-01   9.8060685e-01   9.8102252e-01   9.8204037e-01   9.8308739e-01   9.8436541e-01   9.8546842e-01   9.8634987e-01   9.8763131e-01
   9.8788714e-01   9.8933095e-01   9.9010878e-01   9.9050486e-01   9.9014717e-01   9.8678626e-01   9.7915880e-01   9.7616725e-01   9.7634432e-01   9.7703950e-01   9.7810816e-01   9.7942598e-01   9.8098504e-01   9.8250377e-01   9.8345174e-01   9.8511565e-01   9.8781964e-01   9.8928482e-01   9.9007763e-01   9.9045435e-01   9.8997949e-01   9.8643655e-01   9.7838130e-01   9.7630212e-01   9.7657665e-01   9.7707700e-01   9.7830362e-01   9.7956628e-01   9.8110853e-01   9.8244028e-01   9.8350493e-01   9.8505362e-01
   9.8570595e-01   9.8740923e-01   9.8832694e-01   9.8879425e-01   9.8837218e-01   9.8441061e-01   9.7542592e-01   9.7190211e-01   9.7210814e-01   9.7292408e-01   9.7418016e-01   9.7572969e-01   9.7756583e-01   9.7935548e-01   9.8047351e-01   9.8243680e-01   9.8562632e-01   9.8735481e-01   9.8829018e-01   9.8873462e-01   9.8817435e-01   9.8399822e-01   9.7451082e-01   9.7206000e-01   9.7238126e-01   9.7296837e-01   9.7440992e-01   9.7589529e-01   9.7771139e-01   9.7928079e-01   9.8053623e-01   9.8236372e-01
   9.8342941e-01   9.8540319e-01   9.8646681e-01   9.8700840e-01   9.8651934e-01   9.8193465e-01   9.7154553e-01   9.6747034e-01   9.6770455e-01   9.6864321e-01   9.7009123e-01   9.7187853e-01   9.7400103e-01   9.7607150e-01   9.7736654e-01   9.7964187e-01   9.8333713e-01   9.8534013e-01   9.8642419e-01   9.8693924e-01   9.8629008e-01   9.8145707e-01   9.7048833e-01   9.6765137e-01   9.6801942e-01   9.6869475e-01   9.7035625e-01   9.7207049e-01   9.7416951e-01   9.7598527e-01   9.7743918e-01   9.7955734e-01
   9.8105361e-01   9.8330927e-01   9.8452503e-01   9.8514411e-01   9.8458546e-01   9.7935600e-01   9.6751830e-01   9.6287342e-01   9.6313424e-01   9.6419635e-01   9.6583954e-01   9.6786930e-01   9.7028650e-01   9.7264728e-01   9.7412630e-01   9.7672658e-01   9.8094815e-01   9.8323721e-01   9.8447631e-01   9.8506498e-01   9.8432348e-01   9.7881074e-01   9.6631484e-01   9.6307736e-01   9.6349154e-01   9.6425573e-01   9.6614065e-01   9.6808866e-01   9.7047878e-01   9.7254919e-01   9.7420929e-01   9.7663019e-01
   9.7857456e-01   9.8112381e-01   9.8249816e-01   9.8319803e-01   9.8256730e-01   9.7667272e-01   9.6334657e-01   9.5811492e-01   9.5839987e-01   9.5958466e-01   9.6142458e-01   9.6369967e-01   9.6641865e-01   9.6907848e-01   9.7074840e-01   9.7368666e-01   9.7845538e-01   9.8104238e-01   9.8244308e-01   9.8310849e-01   9.8227131e-01   9.7605730e-01   9.6199314e-01   9.5834117e-01   9.5879992e-01   9.5965262e-01   9.6176246e-01   9.6394745e-01   9.6663557e-01   9.6896828e-01   9.7084219e-01   9.7357804e-01
   9.7598818e-01   9.7884301e-01   9.8038263e-01   9.8116673e-01   9.8046154e-01   9.7388327e-01   9.5903447e-01   9.5320074e-01   9.5350631e-01   9.5481121e-01   9.5684742e-01   9.5936846e-01   9.6239452e-01   9.6536109e-01   9.6722868e-01   9.7051795e-01   9.7585471e-01   9.7875183e-01   9.8032092e-01   9.8106631e-01   9.8013024e-01   9.7319528e-01   9.5752798e-01   9.5344829e-01   9.5394904e-01   9.5488871e-01   9.5722255e-01   9.5964558e-01   9.6263692e-01   9.6523859e-01   9.6733376e-01   9.7039675e-01
   9.7329030e-01   9.7646298e-01   9.7817474e-01   9.7904664e-01   9.7826485e-01   9.7098665e-01   9.5458805e-01   9.4813925e-01   9.4846078e-01   9.4988119e-01   9.5211088e-01   9.5487581e-01   9.5821198e-01   9.6149157e-01   9.6356330e-01   9.6721642e-01   9.7314197e-01   9.7636167e-01   9.7810613e-01   9.7893486e-01   9.7789694e-01   9.7022376e-01   9.5292612e-01   9.4840665e-01   9.4894569e-01   9.4996945e-01   9.5252353e-01   9.5518306e-01   9.5848068e-01   9.6135666e-01   9.6368017e-01   9.6708233e-01
   9.7047671e-01   9.7397969e-01   9.7587068e-01   9.7683409e-01   9.7597381e-01   9.6798236e-01   9.5001526e-01   9.4294130e-01   9.4327296e-01   9.4480204e-01   9.4721977e-01   9.5022338e-01   9.5386994e-01   9.5746697e-01   9.5974881e-01   9.6377827e-01   9.7031293e-01   9.7386788e-01   9.7579490e-01   9.7671043e-01   9.7556804e-01   9.6714238e-01   9.4819643e-01   9.4322668e-01   9.4379910e-01   9.4490258e-01   9.4766996e-01   9.5056142e-01   9.5416568e-01   9.5731965e-01   9.5987805e-01   9.6363102e-01
   9.6754316e-01   9.7138905e-01   9.7346655e-01   9.7452531e-01   9.7358503e-01   9.6487039e-01   9.4532592e-01   9.3762020e-01   9.3795493e-01   9.3958353e-01   9.4218098e-01   9.4541462e-01   9.4936852e-01   9.5328507e-01   9.5578236e-01   9.6020000e-01   9.6736335e-01   9.7126635e-01   9.7338332e-01   9.7438925e-01   9.7314016e-01   9.6395134e-01   9.4334975e-01   9.3792132e-01   9.3852093e-01   9.3969818e-01   9.4266846e-01   9.4578385e-01   9.4969196e-01   9.5312550e-01   9.5592456e-01   9.6003939e-01
   9.6448540e-01   9.6868687e-01   9.7095831e-01   9.7211641e-01   9.7109506e-01   9.6165125e-01   9.4053164e-01   9.3219155e-01   9.3252115e-01   9.3423780e-01   9.3700357e-01   9.4045482e-01   9.4470919e-01   9.4894456e-01   9.5166171e-01   9.5647848e-01   9.6428896e-01   9.6855290e-01   9.7086735e-01   9.7196740e-01   9.7060993e-01   9.6065146e-01   9.3839877e-01   9.3250580e-01   9.3312523e-01   9.3436865e-01   9.3752781e-01   9.4085542e-01   9.4506091e-01   9.4877305e-01   9.5181752e-01   9.5630440e-01
   9.6129921e-01   9.6586886e-01   9.6834186e-01   9.6960345e-01   9.6850048e-01   9.5832590e-01   9.3564552e-01   9.2667295e-01   9.2698820e-01   9.2877921e-01   9.3169878e-01   9.3535132e-01   9.3989504e-01   9.4444521e-01   9.4738551e-01   9.5261110e-01   9.6108556e-01   9.6572326e-01   9.6824289e-01   9.6944091e-01   9.6797399e-01   9.5724407e-01   9.3335780e-01   9.2699745e-01   9.2762821e-01   9.2892856e-01   9.3225898e-01   9.3578315e-01   9.4027546e-01   9.4426227e-01   9.4755562e-01   9.5242355e-01
   9.5798046e-01   9.6293073e-01   9.6561300e-01   9.6698236e-01   9.6579787e-01   9.5489574e-01   9.3068189e-01   9.2108365e-01   9.2137449e-01   9.2322415e-01   9.2627997e-01   9.3011351e-01   9.3493084e-01   9.3978804e-01   9.4295334e-01   9.4859585e-01   9.5774899e-01   9.6277315e-01   9.6550575e-01   9.6680572e-01   9.6522900e-01   9.5373106e-01   9.2824242e-01   9.2141534e-01   9.2204797e-01   9.2339445e-01   9.2687505e-01   9.3057610e-01   9.3534024e-01   9.3959443e-01   9.4313847e-01   9.4839494e-01
   9.5452512e-01   9.5986812e-01   9.6276748e-01   9.6424907e-01   9.6298383e-01   9.5136256e-01   9.2565596e-01   9.1544412e-01   9.1569992e-01   9.1759080e-01   9.2076244e-01   9.2475288e-01   9.2982322e-01   9.3497548e-01   9.3836591e-01   9.4443144e-01   9.5427526e-01   9.5969823e-01   9.6265169e-01   9.6405770e-01   9.6237165e-01   9.5011473e-01   9.2306914e-01   9.1577977e-01   9.1640417e-01   9.1778449e-01   9.2139104e-01   9.2524542e-01   9.3026167e-01   9.3477222e-01   9.3856684e-01   9.4421747e-01
   9.5092936e-01   9.5667669e-01   9.5980099e-01   9.6139941e-01   9.6005501e-01   9.4772850e-01   9.2058338e-01   9.0977554e-01   9.0998536e-01   9.1189866e-01   9.1516322e-01   9.1928288e-01   9.2458074e-01   9.3001156e-01   9.3362524e-01   9.4011744e-01   9.5066054e-01   9.5649419e-01   9.5967642e-01   9.6119269e-01   9.5939868e-01   9.4639775e-01   9.1785497e-01   9.1011187e-01   9.1071757e-01   9.1211815e-01   9.1582374e-01   9.1980421e-01   9.2504808e-01   9.2979997e-01   9.3384275e-01   9.3989087e-01
   9.4718959e-01   9.5335214e-01   9.5670923e-01   9.5842923e-01   9.5700812e-01   9.4399595e-01   9.1547991e-01   9.0409923e-01   9.0425223e-01   9.0616819e-01   9.0950074e-01   9.1371884e-01   9.1921391e-01   9.2490204e-01   9.2873474e-01   9.3565442e-01   9.4690128e-01   9.5315676e-01   9.5657565e-01   9.5820651e-01   9.5630688e-01   9.4258304e-01   9.1261704e-01   9.0443299e-01   9.0500948e-01   9.0641577e-01   9.1019131e-01   9.1426744e-01   9.1970972e-01   9.2468374e-01   9.2896963e-01   9.3541592e-01
   9.4330257e-01   9.4989023e-01   9.5348790e-01   9.5533437e-01   9.5383996e-01   9.4016749e-01   9.1036100e-01   8.9843613e-01   8.9852191e-01   9.0042029e-01   9.0379449e-01   9.0807766e-01   9.1373517e-01   9.1965451e-01   9.2369938e-01   9.3104403e-01   9.4299425e-01   9.4968177e-01   9.5334508e-01   9.5509498e-01   9.5309315e-01   9.3867368e-01   9.0737208e-01   8.9876421e-01   8.9930124e-01   9.0069811e-01   9.0451299e-01   9.0865175e-01   9.1425873e-01   9.1943146e-01   9.2395246e-01   9.3079451e-01
   9.3926544e-01   9.4628689e-01   9.5013274e-01   9.5211073e-01   9.5054744e-01   9.3624580e-01   9.0524145e-01   8.9280625e-01   8.9281519e-01   8.9467588e-01   8.9806458e-01   9.0237761e-01   9.0815879e-01   9.1427847e-01   9.1852580e-01   9.2628915e-01   9.3893665e-01   9.4606518e-01   9.4998052e-01   9.5185397e-01   9.4975448e-01   9.3467279e-01   9.0213609e-01   8.9312578e-01   8.9361367e-01   8.9498585e-01   8.9880860e-01   9.0297510e-01   9.0870907e-01   9.1405296e-01   9.1879782e-01   9.2602979e-01
   9.3507589e-01   9.4253819e-01   9.4663961e-01   9.4875428e-01   9.4712759e-01   9.3223356e-01   9.0013509e-01   8.8722822e-01   8.8715179e-01   8.8895545e-01   8.9233133e-01   8.9663788e-01   9.0250071e-01   9.0878537e-01   9.1322234e-01   9.2139397e-01   9.3472621e-01   9.4230314e-01   9.4647783e-01   9.4847945e-01   9.4628802e-01   9.3058350e-01   8.9692392e-01   8.8753663e-01   8.8796656e-01   8.8929913e-01   8.9309812e-01   8.9725649e-01   9.0307637e-01   9.0856003e-01   9.1351402e-01   9.2112623e-01
   9.3073218e-01   9.3864049e-01   9.4300450e-01   9.4526113e-01   9.4357763e-01   9.2813343e-01   8.9505453e-01   8.8171902e-01   8.8154989e-01   8.8327853e-01   8.8661480e-01   8.9087823e-01   8.9677832e-01   9.0318859e-01   9.0779909e-01   9.1636406e-01   9.3036127e-01   9.3839209e-01   9.4283306e-01   9.4496749e-01   9.4269108e-01   9.2640879e-01   8.9174903e-01   8.8201402e-01   8.8237823e-01   8.8365709e-01   8.8740127e-01   8.9151552e-01   8.9737769e-01   9.0296630e-01   9.0811108e-01   9.1608972e-01
   9.2623333e-01   9.3459047e-01   9.3922362e-01   9.4162756e-01   9.3989499e-01   9.2394797e-01   8.9001102e-01   8.7629368e-01   8.7602583e-01   8.7766336e-01   8.8093433e-01   8.8511851e-01   8.9101016e-01   8.9750330e-01   9.0226789e-01   9.1120642e-01   9.2584090e-01   9.3432878e-01   9.3904245e-01   9.4131437e-01   9.3896119e-01   9.2215149e-01   8.8662327e-01   8.7657326e-01   8.7686525e-01   8.7807746e-01   8.8173708e-01   8.8577194e-01   8.9163127e-01   8.9728723e-01   9.0260074e-01   9.1092757e-01
   9.2157916e-01   9.3038521e-01   9.3529344e-01   9.3785010e-01   9.3607736e-01   9.1967960e-01   8.8501434e-01   8.7096517e-01   8.7059388e-01   8.7212650e-01   8.7530810e-01   8.7937826e-01   8.8521558e-01   8.9174634e-01   8.9664225e-01   9.0592951e-01   9.2116502e-01   9.3011042e-01   9.3510253e-01   9.3751659e-01   9.3509611e-01   9.1781423e-01   8.8155681e-01   8.7122750e-01   8.7144215e-01   8.7257626e-01   8.7612350e-01   8.8004529e-01   8.8585619e-01   8.9153984e-01   8.9699637e-01   9.0564856e-01
   9.1677048e-01   9.2602229e-01   9.3121080e-01   9.3392557e-01   9.3212274e-01   9.1533055e-01   8.8007278e-01   8.6574431e-01   8.6526617e-01   8.6668260e-01   8.6975280e-01   8.7367627e-01   8.7941438e-01   8.8593599e-01   8.9093724e-01   9.0054316e-01   9.1633453e-01   9.2573471e-01   9.3101018e-01   9.3357097e-01   9.3109391e-01   9.1339953e-01   8.7655811e-01   8.6598765e-01   8.6612130e-01   8.6716757e-01   8.7057717e-01   8.7435445e-01   8.8007198e-01   8.8574249e-01   8.9131289e-01   9.0026285e-01
   9.1180914e-01   9.2149992e-01   9.2697296e-01   9.2985119e-01   9.2802950e-01   9.1090292e-01   8.7519316e-01   8.6063970e-01   8.6005264e-01   8.6134428e-01   8.6428331e-01   8.6803025e-01   8.7362637e-01   8.8009162e-01   8.8516930e-01   8.9505856e-01   9.1135138e-01   9.2119997e-01   9.2676270e-01   9.2947470e-01   9.2695301e-01   9.0890985e-01   8.7163392e-01   8.6086238e-01   8.6091279e-01   8.6186344e-01   8.6511309e-01   8.6871731e-01   8.7429825e-01   8.7991461e-01   8.8556658e-01   8.9478190e-01
   9.0669816e-01   9.1681697e-01   9.2257768e-01   9.2562462e-01   9.2379640e-01   9.0639865e-01   8.7038092e-01   8.5565781e-01   8.5496117e-01   8.5612203e-01   8.5891251e-01   8.6245652e-01   8.6787104e-01   8.7423339e-01   8.7935604e-01   8.8948812e-01   9.0621873e-01   9.1650523e-01   9.2235793e-01   9.2522543e-01   9.2267223e-01   9.0434758e-01   8.6678940e-01   8.5585818e-01   8.5582442e-01   8.5667383e-01   8.5974448e-01   8.6315045e-01   8.6855427e-01   8.7407628e-01   8.7977484e-01   8.8921838e-01
   9.0144186e-01   9.1197315e-01   9.1802336e-01   9.2124405e-01   9.1942269e-01   9.0181971e-01   8.6564022e-01   8.5080299e-01   8.4999767e-01   8.5102430e-01   8.5365126e-01   8.5696981e-01   8.6216711e-01   8.6838186e-01   8.7351597e-01   8.8384529e-01   9.0094103e-01   9.1165035e-01   9.1779430e-01   9.2082134e-01   9.1825089e-01   8.9971516e-01   8.6202829e-01   8.5097950e-01   8.5086183e-01   8.5160662e-01   8.5448267e-01   8.5766885e-01   8.6285862e-01   8.6824785e-01   8.7395594e-01   8.8358595e-01
   8.9604589e-01   9.0696905e-01   9.1330910e-01   9.1670830e-01   9.1490817e-01   8.9716815e-01   8.6097401e-01   8.4607762e-01   8.4516616e-01   8.4605751e-01   8.4850835e-01   8.5158306e-01   8.5653222e-01   8.6255750e-01   8.6766818e-01   8.7814441e-01   8.9552409e-01   9.0663611e-01   9.1307096e-01   9.1626123e-01   9.1368884e-01   8.9501514e-01   8.5735302e-01   8.4622898e-01   8.4602866e-01   8.4666778e-01   8.4933703e-01   8.5228570e-01   8.5722875e-01   8.6244952e-01   8.6812875e-01   8.7789908e-01
   8.9051734e-01   9.0180630e-01   9.0843480e-01   9.1201690e-01   9.1025319e-01   8.9244621e-01   8.5638407e-01   8.4148233e-01   8.4046896e-01   8.4122611e-01   8.4349061e-01   8.4630735e-01   8.5098262e-01   8.5678035e-01   8.6183203e-01   8.7240048e-01   8.8997516e-01   9.0146432e-01   9.0818786e-01   9.1154459e-01   9.0898648e-01   8.9025023e-01   8.5276495e-01   8.4160768e-01   8.4132681e-01   8.4186143e-01   8.4431503e-01   8.4701227e-01   8.5168074e-01   8.5670089e-01   8.6231235e-01   8.7217282e-01
   8.8486478e-01   8.9648762e-01   9.0340129e-01   9.0717017e-01   9.0545882e-01   8.8765639e-01   8.5187103e-01   8.3701617e-01   8.3590684e-01   8.3653265e-01   8.3860296e-01   8.4115186e-01   8.4553287e-01   8.5106951e-01   8.5602676e-01   8.6662891e-01   8.8430300e-01   8.9613793e-01   9.0314582e-01   9.0667172e-01   9.0414489e-01   8.8542345e-01   8.4826450e-01   8.3711522e-01   8.3675674e-01   8.3719005e-01   8.3942221e-01   8.4185788e-01   8.4622898e-01   8.5102054e-01   8.5652577e-01   8.6642255e-01
   8.7909824e-01   8.9101696e-01   8.9821037e-01   9.0216932e-01   9.0052679e-01   8.8280143e-01   8.4743445e-01   8.3267689e-01   8.3147924e-01   8.3197786e-01   8.3384866e-01   8.3612390e-01   8.4019565e-01   8.4544284e-01   8.5027119e-01   8.6084533e-01   8.7851786e-01   8.9066109e-01   8.9794669e-01   9.0164377e-01   8.9916582e-01   8.8053809e-01   8.4385127e-01   8.3274996e-01   8.3231770e-01   8.3265450e-01   8.3466223e-01   8.3683002e-01   8.4088605e-01   8.4542564e-01   8.5078759e-01   8.6066373e-01
   8.7322922e-01   8.8539954e-01   8.9286493e-01   8.9701647e-01   8.9545962e-01   8.7788437e-01   8.4307298e-01   8.2846112e-01   8.2718448e-01   8.2756091e-01   8.2922941e-01   8.3122904e-01   8.3498164e-01   8.3991650e-01   8.4458336e-01   8.5506528e-01   8.7263147e-01   8.8503929e-01   8.9259334e-01   8.9646287e-01   8.9405186e-01   8.7559768e-01   8.3952405e-01   8.2850925e-01   8.2800792e-01   8.2825421e-01   8.3003698e-01   8.3193441e-01   8.3566259e-01   8.3993163e-01   8.4511567e-01   8.5491166e-01
   8.6727066e-01   8.7964194e-01   8.8736903e-01   8.9171480e-01   8.9026064e-01   8.7290861e-01   8.3878452e-01   8.2436471e-01   8.2301983e-01   8.2327969e-01   8.2474556e-01   8.2647112e-01   8.2989937e-01   8.3450471e-01   8.3898019e-01   8.4930405e-01   8.6665704e-01   8.7927934e-01   8.8708983e-01   8.9113213e-01   8.8880654e-01   8.7060590e-01   8.3528094e-01   8.2438964e-01   8.2382473e-01   8.2398740e-01   8.2554671e-01   8.2717512e-01   8.3056726e-01   8.3455197e-01   8.3952680e-01   8.4918127e-01
   8.6123680e-01   8.7375211e-01   8.8172794e-01   8.8626854e-01   8.8493404e-01   8.6787798e-01   8.3456658e-01   8.2038303e-01   8.1898156e-01   8.1913121e-01   8.2039627e-01   8.2185231e-01   8.2495532e-01   8.2921954e-01   8.3347722e-01   8.4357647e-01   8.6060911e-01   8.7338951e-01   8.8144138e-01   8.8565572e-01   8.8343438e-01   8.6556662e-01   8.3111959e-01   8.2038715e-01   8.1976467e-01   8.1985127e-01   8.2119029e-01   8.2255460e-01   8.2560682e-01   8.2929792e-01   8.3403643e-01   8.4348693e-01
   8.5514312e-01   8.6773947e-01   8.7594817e-01   8.8068302e-01   8.7948491e-01   8.6279670e-01   8.3041662e-01   8.1651140e-01   8.1506499e-01   8.1511160e-01   8.1617964e-01   8.1737318e-01   8.2015394e-01   8.2407075e-01   8.2808833e-01   8.3789673e-01   8.5450349e-01   8.6737949e-01   8.7565448e-01   8.8003892e-01   8.7794090e-01   8.6048389e-01   8.2703761e-01   8.1649741e-01   8.1582373e-01   8.1584234e-01   8.1696547e-01   8.1807377e-01   8.2078608e-01   8.2417851e-01   8.2865846e-01   8.3784225e-01
   8.4900614e-01   8.6161484e-01   8.7003751e-01   8.7496472e-01   8.7391928e-01   8.5766942e-01   8.2633219e-01   8.1274516e-01   8.1126481e-01   8.1121620e-01   8.1209297e-01   8.1303282e-01   8.1549777e-01   8.1906583e-01   8.2282560e-01   8.3227825e-01   8.4835706e-01   8.6126042e-01   8.6973689e-01   8.7428814e-01   8.7233255e-01   8.5536196e-01   8.2303285e-01   8.1271581e-01   8.1199745e-01   8.1195662e-01   8.1286922e-01   8.1373212e-01   8.1610810e-01   8.1920050e-01   8.2340502e-01   8.3226003e-01
   8.4284326e-01   8.5539050e-01   8.6400504e-01   8.6912118e-01   8.6824415e-01   8.5250116e-01   8.2231101e-01   8.0907957e-01   8.0757545e-01   8.0743957e-01   8.0813287e-01   8.0882908e-01   8.1098761e-01   8.1421002e-01   8.1769907e-01   8.2673357e-01   8.4218762e-01   8.5504487e-01   8.6369764e-01   8.6841090e-01   8.6661671e-01   8.5020533e-01   8.1910316e-01   8.0903783e-01   8.0828116e-01   8.0818980e-01   8.0889812e-01   8.0952794e-01   8.1157427e-01   8.1436849e-01   8.1828633e-01   8.2675214e-01
   8.3667251e-01   8.4908012e-01   8.5786103e-01   8.6316104e-01   8.6246747e-01   8.4729723e-01   8.1835079e-01   8.0550946e-01   8.0399147e-01   8.0377591e-01   8.0429528e-01   8.0475879e-01   8.0662267e-01   8.0950647e-01   8.1271674e-01   8.2127424e-01   8.3601359e-01   8.4874681e-01   8.5754705e-01   8.6241587e-01   8.6080161e-01   8.4501889e-01   8.1524608e-01   8.0545924e-01   8.0467014e-01   8.0453723e-01   8.0504861e-01   8.0545857e-01   8.0718446e-01   8.0968503e-01   8.1331064e-01   8.2132948e-01
   8.3051238e-01   8.4269870e-01   8.5161698e-01   8.5709393e-01   8.5659817e-01   8.4206321e-01   8.1444885e-01   8.0202922e-01   8.0050769e-01   8.0021939e-01   8.0057533e-01   8.0081813e-01   8.0240080e-01   8.0495636e-01   8.0788446e-01   8.1591084e-01   8.2985384e-01   8.4238149e-01   8.5129668e-01   8.5631278e-01   8.5489634e-01   8.3980810e-01   8.1145883e-01   8.0197622e-01   8.0116004e-01   8.0099377e-01   8.0131694e-01   8.0152068e-01   8.0293724e-01   8.0515088e-01   8.0848415e-01   8.1600196e-01
   8.2438147e-01   8.3626249e-01   8.4528548e-01   8.5093042e-01   8.5064590e-01   8.3680504e-01   8.1060217e-01   7.9863336e-01   7.9711902e-01   7.9676433e-01   7.9696734e-01   7.9700287e-01   7.9831881e-01   8.0055899e-01   8.0320597e-01   8.1065284e-01   8.2372728e-01   8.3596538e-01   8.4495929e-01   8.5011239e-01   8.4891081e-01   8.3457913e-01   8.0773872e-01   7.9858506e-01   7.9774690e-01   7.9755381e-01   7.9769886e-01   7.9771020e-01   7.9883000e-01   8.0076521e-01   8.0381106e-01   8.1077855e-01
   8.1829828e-01   8.2978892e-01   8.3888015e-01   8.4468195e-01   8.4462086e-01   8.3152918e-01   8.0680766e-01   7.9531732e-01   7.9382010e-01   7.9340529e-01   7.9346507e-01   7.9330863e-01   7.9437274e-01   7.9631204e-01   7.9868300e-01   8.0550869e-01   8.1765265e-01   8.2951604e-01   8.3854878e-01   8.4382640e-01   8.4285561e-01   8.2933881e-01   8.0408336e-01   7.9528154e-01   7.9442672e-01   7.9421183e-01   7.9418933e-01   7.9402246e-01   7.9485926e-01   7.9652583e-01   7.9929359e-01   8.0566723e-01
   8.1228091e-01   8.2329643e-01   8.3241547e-01   8.3836065e-01   8.3853357e-01   8.2624292e-01   8.0306229e-01   7.9207733e-01   7.9060481e-01   7.9013716e-01   7.9006209e-01   7.8973067e-01   7.9055807e-01   7.9221179e-01   7.9431538e-01   8.0048574e-01   8.1164813e-01   8.2305194e-01   8.3208012e-01   8.3746733e-01   8.3674188e-01   8.2409457e-01   8.0049064e-01   7.9206041e-01   7.9119480e-01   7.9096316e-01   7.9078270e-01   7.9045232e-01   7.9102084e-01   7.9242947e-01   7.9493212e-01   8.0067507e-01
   8.0634673e-01   8.1680430e-01   8.2590671e-01   8.3197928e-01   8.3239482e-01   8.2095478e-01   7.9936344e-01   7.8890949e-01   7.8746634e-01   7.8695535e-01   7.8675193e-01   7.8626376e-01   7.8686986e-01   7.8825337e-01   7.9010130e-01   7.9559029e-01   8.0573103e-01   8.1659230e-01   8.2556920e-01   8.3104845e-01   8.3058129e-01   8.1885440e-01   7.9695821e-01   7.8891546e-01   7.8804528e-01   7.8780385e-01   7.8747321e-01   7.8699463e-01   7.8730996e-01   7.8847197e-01   7.9072527e-01   7.9580823e-01
   8.0051215e-01   8.1033250e-01   8.1936972e-01   8.2555100e-01   8.2621588e-01   8.1567401e-01   7.9571000e-01   7.8580952e-01   7.8439763e-01   7.8385578e-01   7.8352822e-01   7.8290249e-01   7.8330269e-01   7.8443091e-01   7.8603748e-01   7.9082760e-01   7.9991753e-01   8.1015691e-01   8.1903276e-01   8.2458363e-01   8.2438593e-01   8.1362620e-01   7.9348322e-01   7.8584032e-01   7.8497141e-01   7.8472951e-01   7.8425565e-01   7.8364444e-01   7.8372124e-01   7.8464845e-01   7.8667007e-01   7.9107195e-01
   7.9479229e-01   8.0390140e-01   8.1282083e-01   8.1908925e-01   8.2000845e-01   8.1040950e-01   7.9210277e-01   7.8277339e-01   7.8139218e-01   7.8083403e-01   7.8038528e-01   7.7964154e-01   7.7985064e-01   7.8073771e-01   7.8211938e-01   7.8620187e-01   7.9422238e-01   8.0376583e-01   8.1248815e-01   8.1808729e-01   8.1816774e-01   8.0841675e-01   7.9006292e-01   7.8282939e-01   7.8196631e-01   7.8173428e-01   7.8112535e-01   7.8039661e-01   7.8024867e-01   7.8095350e-01   7.8276213e-01   7.8647055e-01
   7.8920071e-01   7.9753147e-01   8.0627668e-01   8.1260762e-01   8.1378447e-01   8.0516881e-01   7.8854303e-01   7.7979780e-01   7.7844507e-01   7.7788443e-01   7.7731886e-01   7.7647543e-01   7.7650750e-01   7.7716627e-01   7.7834142e-01   7.8171634e-01   7.8865872e-01   7.9743921e-01   8.0595324e-01   8.1157430e-01   8.1193798e-01   8.0323121e-01   7.8669370e-01   7.7987812e-01   7.7902367e-01   7.7881152e-01   7.7807753e-01   7.7724538e-01   7.7688565e-01   7.7738142e-01   7.7899579e-01   7.8200744e-01
   7.8374917e-01   7.9124293e-01   7.9975410e-01   8.0611984e-01   8.0755602e-01   7.9995851e-01   7.8503096e-01   7.7687921e-01   7.7555342e-01   7.7500019e-01   7.7432602e-01   7.7339809e-01   7.7326705e-01   7.7370865e-01   7.7469713e-01   7.7737332e-01   7.8323795e-01   7.9119696e-01   7.9944613e-01   8.0505990e-01   8.0570752e-01   7.9807397e-01   7.8337066e-01   7.7698268e-01   7.7613905e-01   7.7595477e-01   7.7510734e-01   7.7418466e-01   7.7362521e-01   7.7392647e-01   7.7536434e-01   7.7768507e-01
   7.7844743e-01   7.8505535e-01   7.9327002e-01   7.9963967e-01   8.0133518e-01   7.9478538e-01   7.8156504e-01   7.7401344e-01   7.7271474e-01   7.7217413e-01   7.7140394e-01   7.7040291e-01   7.7012327e-01   7.7035693e-01   7.7117947e-01   7.7317429e-01   7.7796961e-01   7.8505845e-01   7.9298499e-01   7.9855965e-01   7.9948747e-01   7.9295024e-01   7.8008889e-01   7.7413898e-01   7.7331109e-01   7.7315874e-01   7.7220994e-01   7.7120882e-01   7.7046046e-01   7.7058305e-01   7.7186021e-01   7.7350493e-01
   7.7330307e-01   7.7898722e-01   7.8684133e-01   7.9318086e-01   7.9513370e-01   7.8965590e-01   7.7814082e-01   7.7119695e-01   7.6992494e-01   7.6940038e-01   7.6855010e-01   7.6748344e-01   7.6707046e-01   7.6710361e-01   7.6778105e-01   7.6912002e-01   7.7286138e-01   7.7904218e-01   7.8658784e-01   7.9208918e-01   7.9328965e-01   7.8786670e-01   7.7684406e-01   7.7134195e-01   7.7053997e-01   7.7041970e-01   7.6938018e-01   7.6831303e-01   7.6738529e-01   7.6734562e-01   7.6847519e-01   7.6946752e-01
   7.6832150e-01   7.7305559e-01   7.8048478e-01   7.8675699e-01   7.8896278e-01   7.8457396e-01   7.7475224e-01   7.6842480e-01   7.6717882e-01   7.6667529e-01   7.6576310e-01   7.6463432e-01   7.6410313e-01   7.6394177e-01   7.6449435e-01   7.6521056e-01   7.6791910e-01   7.7316538e-01   7.8027231e-01   7.8566378e-01   7.8712662e-01   7.8282944e-01   7.7363317e-01   7.6858632e-01   7.6782417e-01   7.6773403e-01   7.6661309e-01   7.6549308e-01   7.6439471e-01   7.6420839e-01   7.6520062e-01   7.6557231e-01
   7.6350604e-01   7.6727572e-01   7.7421684e-01   7.8038150e-01   7.8283285e-01   7.7954094e-01   7.7139518e-01   7.6568869e-01   7.6447358e-01   7.6399727e-01   7.6304162e-01   7.6185171e-01   7.6121567e-01   7.6086507e-01   7.6131189e-01   7.6144518e-01   7.6314676e-01   7.6744357e-01   7.7405537e-01   7.7929823e-01   7.8101086e-01   7.7784286e-01   7.7045303e-01   7.6586812e-01   7.6516001e-01   7.6509825e-01   7.6390543e-01   7.6274486e-01   7.6148463e-01   7.6116505e-01   7.6202776e-01   7.6181771e-01
   7.5885806e-01   7.6166076e-01   7.6805355e-01   7.7406759e-01   7.7675364e-01   7.7455756e-01   7.6806610e-01   7.6298223e-01   7.6180962e-01   7.6136685e-01   7.6038261e-01   7.5913262e-01   7.5840230e-01   7.5786747e-01   7.5822624e-01   7.5782226e-01   7.5854660e-01   7.6189017e-01   7.6795311e-01   7.7300667e-01   7.7495382e-01   7.7291166e-01   7.6729781e-01   7.6318385e-01   7.6254352e-01   7.6251014e-01   7.6125449e-01   7.6006337e-01   7.5865115e-01   7.5820910e-01   7.5894814e-01   7.5820116e-01
   7.5437739e-01   7.5622155e-01   7.6201029e-01   7.6782802e-01   7.7073435e-01   7.6962589e-01   7.6476167e-01   7.6030295e-01   7.5918531e-01   7.5878340e-01   7.5778088e-01   7.5647423e-01   7.5565733e-01   7.5494316e-01   7.5523008e-01   7.5433916e-01   7.5411918e-01   7.5651610e-01   7.6198045e-01   7.6680246e-01   7.6896649e-01   7.6803904e-01   7.6416123e-01   7.6052870e-01   7.5997004e-01   7.5996671e-01   7.5865571e-01   7.5744276e-01   7.5589008e-01   7.5533444e-01   7.5595361e-01   7.5471918e-01
   7.5006264e-01   7.5096654e-01   7.5610150e-01   7.6167511e-01   7.6478392e-01   7.6474911e-01   7.6148227e-01   7.5764849e-01   7.5659727e-01   7.5624186e-01   7.5523057e-01   7.5387315e-01   7.5297534e-01   7.5208654e-01   7.5231615e-01   7.5099210e-01   7.4986343e-01   7.5132946e-01   7.5615092e-01   7.6069832e-01   7.6305941e-01   7.6322494e-01   7.6104168e-01   7.5789808e-01   7.5743184e-01   7.5746159e-01   7.5610471e-01   7.5487778e-01   7.5319587e-01   7.5253559e-01   7.5303619e-01   7.5136744e-01
   7.4591163e-01   7.4590175e-01   7.5034036e-01   7.5562059e-01   7.5891115e-01   7.5992880e-01   7.5823043e-01   7.5501892e-01   7.5404445e-01   7.5373440e-01   7.5272605e-01   7.5132534e-01   7.5035150e-01   7.4929173e-01   7.4947727e-01   7.4777625e-01   7.4577673e-01   7.4633548e-01   7.5047635e-01   7.5470643e-01   7.5724161e-01   7.5846785e-01   7.5794153e-01   7.5529039e-01   7.5491825e-01   7.5498805e-01   7.5359912e-01   7.5236300e-01   7.5056143e-01   7.4980709e-01   7.5018834e-01   7.4814078e-01
   7.4192169e-01   7.4103089e-01   7.4473843e-01   7.4967547e-01   7.5312440e-01   7.5516452e-01   7.5500686e-01   7.5241406e-01   7.5152468e-01   7.5125520e-01   7.5026094e-01   7.4882730e-01   7.4778213e-01   7.4655263e-01   7.4670647e-01   7.4468565e-01   7.4185505e-01   7.4153660e-01   7.4496668e-01   7.4883830e-01   7.5151972e-01   7.5376692e-01   7.5486235e-01   7.5270527e-01   7.5242172e-01   7.5254115e-01   7.5113566e-01   7.4989192e-01   7.4798094e-01   7.4714244e-01   7.4740346e-01   7.4503320e-01
   7.3808971e-01   7.3635540e-01   7.3930536e-01   7.4385014e-01   7.4743098e-01   7.5045256e-01   7.5181034e-01   7.4983018e-01   7.4903305e-01   7.4880027e-01   7.4782863e-01   7.4637607e-01   7.4526263e-01   7.4386414e-01   7.4399665e-01   7.4171339e-01   7.3809322e-01   7.3693281e-01   7.3962962e-01   7.4310409e-01   7.4589827e-01   7.4912319e-01   7.5180336e-01   7.5014102e-01   7.4994178e-01   7.5011446e-01   7.4871000e-01   7.4745917e-01   7.4545123e-01   7.4453334e-01   7.4467628e-01   7.4203800e-01
   7.3441212e-01   7.3187475e-01   7.3404867e-01   7.3815478e-01   7.4183714e-01   7.4578803e-01   7.4863741e-01   7.4725967e-01   7.4655896e-01   7.4636601e-01   7.4542540e-01   7.4396774e-01   7.4278580e-01   7.4122332e-01   7.4134047e-01   7.3885169e-01   7.3448526e-01   7.3252206e-01   7.3447045e-01   7.3751192e-01   7.4038179e-01   7.4453615e-01   7.4875374e-01   7.4759531e-01   7.4748287e-01   7.4770147e-01   7.4632039e-01   7.4506152e-01   7.4296913e-01   7.4197064e-01   7.4200233e-01   7.3914814e-01
   7.3088472e-01   7.2758670e-01   7.2897362e-01   7.3259966e-01   7.3634840e-01   7.4116950e-01   7.4548414e-01   7.4469453e-01   7.4408940e-01   7.4395397e-01   7.4305113e-01   7.4159715e-01   7.4034437e-01   7.3862909e-01   7.3873090e-01   7.3609192e-01   7.3102484e-01   7.2830079e-01   7.2949217e-01   7.3206783e-01   7.3497532e-01   7.4000375e-01   7.4570245e-01   7.4506024e-01   7.4504780e-01   7.4530148e-01   7.4396306e-01   7.4269641e-01   7.4053048e-01   7.3944706e-01   7.3937687e-01   7.3635664e-01
   7.2750265e-01   7.2348762e-01   7.2408339e-01   7.2719480e-01   7.3096893e-01   7.3659407e-01   7.4234345e-01   7.4213470e-01   7.4161685e-01   7.4156252e-01   7.4070525e-01   7.3926018e-01   7.3793364e-01   7.3608108e-01   7.3616220e-01   7.3342456e-01   7.2770558e-01   7.2426442e-01   7.2469585e-01   7.2677588e-01   7.2968445e-01   7.3552705e-01   7.4264816e-01   7.4252756e-01   7.4263162e-01   7.4291878e-01   7.4162849e-01   7.4035761e-01   7.3812992e-01   7.3695917e-01   7.3679405e-01   7.3365645e-01
   7.2426012e-01   7.1957250e-01   7.1937936e-01   7.2194947e-01   7.2570061e-01   7.3205761e-01   7.3919236e-01   7.3958022e-01   7.3914504e-01   7.3918450e-01   7.3838782e-01   7.3695553e-01   7.3555155e-01   7.3357852e-01   7.3363019e-01   7.3083934e-01   7.2452123e-01   7.2040764e-01   7.2008097e-01   7.2163817e-01   7.2451440e-01   7.3110535e-01   7.3958440e-01   7.3999406e-01   7.4022874e-01   7.4054612e-01   7.3930763e-01   7.3803528e-01   7.3576170e-01   7.3450685e-01   7.3424690e-01   7.3104012e-01
   7.2115020e-01   7.1583496e-01   7.1486155e-01   7.1687147e-01   7.2054488e-01   7.2756287e-01   7.3602148e-01   7.3703006e-01   7.3668403e-01   7.3681504e-01   7.3609691e-01   7.3467828e-01   7.3319654e-01   7.3112012e-01   7.3113104e-01   7.2832565e-01   7.2146545e-01   7.1672446e-01   7.1564564e-01   7.1665538e-01   7.1946765e-01   7.2673497e-01   7.3650707e-01   7.3745872e-01   7.3783846e-01   7.3817075e-01   7.3699469e-01   7.3572548e-01   7.3342290e-01   7.3209168e-01   7.3172762e-01   7.2849922e-01
   7.1816481e-01   7.1226732e-01   7.1052887e-01   7.1196647e-01   7.1550345e-01   7.2311728e-01   7.3284526e-01   7.3448791e-01   7.3423691e-01   7.3444603e-01   7.3382498e-01   7.3241645e-01   7.3086625e-01   7.2870322e-01   7.2866015e-01   7.2587335e-01   7.1853164e-01   7.1320808e-01   7.1138677e-01   7.1182802e-01   7.1454553e-01   7.2241048e-01   7.3342113e-01   7.3493060e-01   7.3545471e-01   7.3579209e-01   7.3468445e-01   7.3343047e-01   7.3111397e-01   7.2971526e-01   7.2922867e-01   7.2602363e-01
   7.1529516e-01   7.0886094e-01   7.0637930e-01   7.0723764e-01   7.1057720e-01   7.1872464e-01   7.2966323e-01   7.3194759e-01   7.3180132e-01   7.3207116e-01   7.3156506e-01   7.3015746e-01   7.2855948e-01   7.2632247e-01   7.2621329e-01   7.2347308e-01   7.1571271e-01   7.0985071e-01   7.0730033e-01   7.0715700e-01   7.0974862e-01   7.1812738e-01   7.3032484e-01   7.3241484e-01   7.3306337e-01   7.3341997e-01   7.3237572e-01   7.3115469e-01   7.2883637e-01   7.2737636e-01   7.2674516e-01   7.2360126e-01
   7.1253229e-01   7.0560651e-01   7.0240974e-01   7.0268532e-01   7.0576818e-01   7.1438921e-01   7.2646209e-01   7.2939717e-01   7.2937922e-01   7.2969810e-01   7.2931039e-01   7.2789569e-01   7.2627308e-01   7.2397083e-01   7.2378830e-01   7.2111529e-01   7.1300124e-01   7.0664352e-01   7.0338168e-01   7.0264285e-01   7.0507819e-01   7.1389115e-01   7.2720024e-01   7.2989712e-01   7.3065652e-01   7.3107007e-01   7.3007096e-01   7.2889879e-01   7.2658805e-01   7.2507045e-01   7.2427674e-01   7.2121902e-01
   7.0986737e-01   7.0249465e-01   6.9861580e-01   6.9830726e-01   7.0108175e-01   7.1011548e-01   7.2325109e-01   7.2682007e-01   7.2696513e-01   7.2733310e-01   7.2705087e-01   7.2563273e-01   7.2400277e-01   7.2164220e-01   7.2138436e-01   7.1878913e-01   7.1038963e-01   7.0357657e-01   6.9962547e-01   6.9828485e-01   7.0053646e-01   7.0971767e-01   7.2405061e-01   7.2736985e-01   7.2822912e-01   7.2875068e-01   7.2777693e-01   7.2665872e-01   7.2435875e-01   7.2279318e-01   7.2182540e-01   7.1886492e-01
   7.0729178e-01   6.9951662e-01   6.9499165e-01   6.9409896e-01   6.9652280e-01   7.0589142e-01   7.2001853e-01   7.2420777e-01   7.2455297e-01   7.2497936e-01   7.2477607e-01   7.2336724e-01   7.2174620e-01   7.1933304e-01   7.1900034e-01   7.1648369e-01   7.0787025e-01   7.0063902e-01   6.9602517e-01   6.9408098e-01   6.9612289e-01   7.0560861e-01   7.2090201e-01   7.2483178e-01   7.2578636e-01   7.2645225e-01   7.2549645e-01   7.2442828e-01   7.2214224e-01   7.2054004e-01   7.1939092e-01   7.1653010e-01
   7.0479722e-01   6.9666468e-01   6.9153069e-01   6.9005360e-01   6.9209329e-01   7.0170083e-01   7.1674695e-01   7.2156763e-01   7.2214402e-01   7.2263930e-01   7.2248660e-01   7.2110055e-01   7.1950038e-01   7.1704468e-01   7.1663307e-01   7.1419078e-01   7.0543530e-01   6.9781939e-01   6.9257268e-01   6.9002893e-01   6.9183286e-01   7.0154786e-01   7.1774267e-01   7.2228405e-01   7.2333298e-01   7.2414394e-01   7.2322035e-01   7.2219854e-01   7.1993562e-01   7.1830143e-01   7.1697020e-01   7.1420897e-01
   7.0237635e-01   6.9393169e-01   6.8822592e-01   6.8616244e-01   6.8778891e-01   6.9753946e-01   7.1343048e-01   7.1889383e-01   7.1971564e-01   7.2030881e-01   7.2018782e-01   7.1884320e-01   7.1726708e-01   7.1477979e-01   7.1427641e-01   7.1190540e-01   7.0307645e-01   6.9510635e-01   6.8925884e-01   6.8612778e-01   6.8766238e-01   6.9752443e-01   7.1455555e-01   7.1972369e-01   7.2086448e-01   7.2180399e-01   7.2094914e-01   7.1996189e-01   7.1773495e-01   7.1606385e-01   7.1456083e-01   7.1189719e-01
   7.0002393e-01   6.9131030e-01   6.8507007e-01   6.8241667e-01   6.8360258e-01   6.9341173e-01   7.1006892e-01   7.1618534e-01   7.1725669e-01   7.1797086e-01   7.1786258e-01   7.1659864e-01   7.1504996e-01   7.1252985e-01   7.1192454e-01   7.0962333e-01   7.0078445e-01   6.9248998e-01   6.8607503e-01   6.8237824e-01   6.8361061e-01   6.9353938e-01   7.1133854e-01   7.1713172e-01   7.1838752e-01   7.1944124e-01   7.1868408e-01   7.1771200e-01   7.1554210e-01   7.1381726e-01   7.1216197e-01   7.0959074e-01
   6.9773717e-01   6.8879177e-01   6.8205527e-01   6.7881026e-01   6.7953283e-01   6.8931410e-01   7.0668114e-01   7.1343927e-01   7.1477472e-01   7.1560395e-01   7.1549040e-01   7.1435955e-01   7.1283561e-01   7.1027917e-01   7.0957509e-01   7.0734000e-01   6.9854885e-01   6.8996311e-01   6.8301493e-01   6.7878137e-01   6.7967490e-01   6.8957737e-01   7.0807103e-01   7.1450405e-01   7.1589772e-01   7.1705283e-01   7.1640838e-01   7.1543851e-01   7.1335305e-01   7.1155635e-01   7.0977565e-01   7.0728722e-01
   6.9551390e-01   6.8636660e-01   6.7917240e-01   6.7534024e-01   6.7558422e-01   6.8524163e-01   7.0327684e-01   7.1064216e-01   7.1226601e-01   7.1320014e-01   7.1307757e-01   7.1211537e-01   7.1059674e-01   7.0802069e-01   7.0722436e-01   7.0505141e-01   6.9635830e-01   6.8752125e-01   6.8007478e-01   6.7533662e-01   6.7584160e-01   6.8561679e-01   7.0473572e-01   7.1187460e-01   7.1337031e-01   7.1462449e-01   7.1412355e-01   7.1314711e-01   7.1116456e-01   7.0928630e-01   7.0740286e-01   7.0498505e-01
   6.9334986e-01   6.8402617e-01   6.7641115e-01   6.7200295e-01   6.7175708e-01   6.8118899e-01   6.9985998e-01   7.0781476e-01   7.0971912e-01   7.1074760e-01   7.1063752e-01   7.0985719e-01   7.0832236e-01   7.0575425e-01   7.0486128e-01   7.0275332e-01   6.9420159e-01   6.8516055e-01   6.7725236e-01   6.7204029e-01   6.7209238e-01   6.8166065e-01   7.0133213e-01   7.0924591e-01   7.1081110e-01   7.1216338e-01   7.1181775e-01   7.1084898e-01   7.0897589e-01   7.0702204e-01   7.0503956e-01   7.0267899e-01
   6.9123745e-01   6.8176322e-01   6.7376116e-01   6.6879174e-01   6.6804419e-01   6.7713006e-01   6.9638403e-01   7.0495889e-01   7.0711721e-01   7.0825063e-01   7.0817797e-01   7.0758454e-01   7.0602194e-01   7.0348545e-01   7.0247484e-01   7.0043996e-01   6.9206846e-01   6.8287525e-01   6.7454597e-01   6.6888525e-01   6.6842000e-01   6.7772937e-01   6.9785945e-01   7.0655414e-01   7.0822315e-01   7.0968579e-01   7.0945997e-01   7.0854510e-01   7.0677466e-01   7.0477559e-01   7.0268143e-01   7.0035784e-01
   6.8916625e-01   6.7957020e-01   6.7121277e-01   6.6569975e-01   6.6443127e-01   6.7305374e-01   6.9280222e-01   7.0205417e-01   7.0446109e-01   7.0572539e-01   7.0570787e-01   7.0529956e-01   7.0370994e-01   7.0122032e-01   7.0006446e-01   6.9810632e-01   6.8995040e-01   6.8065551e-01   6.7195286e-01   6.6586131e-01   6.6483193e-01   6.7383328e-01   6.9431567e-01   7.0373148e-01   7.0558499e-01   7.0717697e-01   7.0704971e-01   7.0622575e-01   7.0454229e-01   7.0254628e-01   7.0032314e-01   6.9800948e-01
   6.8712355e-01   6.7743621e-01   6.6875506e-01   6.6272429e-01   6.6090837e-01   6.6897705e-01   6.8912383e-01   6.9909576e-01   7.0178568e-01   7.0316681e-01   7.0322222e-01   7.0300087e-01   7.0138465e-01   6.9896328e-01   6.9763675e-01   6.9575016e-01   6.8784121e-01   6.7848738e-01   6.6946655e-01   6.6295729e-01   6.6134165e-01   6.6996036e-01   6.9070335e-01   7.0080271e-01   7.0288613e-01   7.0463538e-01   7.0459979e-01   7.0387987e-01   7.0228083e-01   7.0031558e-01   6.9796000e-01   6.9562622e-01
   6.8509394e-01   6.7534574e-01   6.6637359e-01   6.5986479e-01   6.5748132e-01   6.6492298e-01   6.8537561e-01   6.9608128e-01   6.9910769e-01   7.0056226e-01   7.0071550e-01   7.0066889e-01   6.9903080e-01   6.9670503e-01   6.9520369e-01   6.9337172e-01   6.8573677e-01   6.7635628e-01   6.6707341e-01   6.6016460e-01   6.5796635e-01   6.6609815e-01   6.8700924e-01   6.9784247e-01   7.0014131e-01   7.0205017e-01   7.0211056e-01   7.0150711e-01   7.0000893e-01   6.9806348e-01   6.9558362e-01   6.9320633e-01
   6.8306076e-01   6.7328185e-01   6.6405237e-01   6.5711551e-01   6.5416202e-01   6.6090742e-01   6.8157324e-01   6.9297187e-01   6.9637470e-01   6.9791291e-01   6.9818766e-01   6.9828224e-01   6.9666080e-01   6.9442395e-01   6.9277233e-01   6.9097243e-01   6.8363295e-01   6.7425043e-01   6.6475317e-01   6.5747599e-01   6.5471663e-01   6.6226338e-01   6.8323577e-01   6.9483674e-01   6.9734901e-01   6.9938518e-01   6.9957243e-01   6.9910326e-01   6.9772579e-01   6.9578599e-01   6.9317799e-01   6.9075331e-01
   6.8100885e-01   6.7123165e-01   6.6177870e-01   6.5446253e-01   6.5095462e-01   6.5693053e-01   6.7767074e-01   6.8977678e-01   6.9352909e-01   6.9525176e-01   6.9561860e-01   6.9584316e-01   6.9428029e-01   6.9212615e-01   6.9033862e-01   6.8855438e-01   6.8152264e-01   6.7216051e-01   6.6248596e-01   6.5488225e-01   6.5158520e-01   6.5848057e-01   6.7936408e-01   6.9173291e-01   6.9452026e-01   6.9664149e-01   6.9698230e-01   6.9666063e-01   6.9539971e-01   6.9348495e-01   6.9073721e-01   6.8827603e-01
   6.7892668e-01   6.6918772e-01   6.5954489e-01   6.5188893e-01   6.4784818e-01   6.5298149e-01   6.7361380e-01   6.8649491e-01   6.9060382e-01   6.9256081e-01   6.9300352e-01   6.9336018e-01   6.9185886e-01   6.8982784e-01   6.8789039e-01   6.8611682e-01   6.7939889e-01   6.7008073e-01   6.6025961e-01   6.5237043e-01   6.4855125e-01   6.5473402e-01   6.7540118e-01   6.8850289e-01   6.9165218e-01   6.9382245e-01   6.9436967e-01   6.9418422e-01   6.9299909e-01   6.9114236e-01   6.8827070e-01   6.8579011e-01
   6.7680771e-01   6.6714484e-01   6.5734624e-01   6.4938253e-01   6.4482488e-01   6.4905776e-01   6.6943696e-01   6.8314584e-01   6.8761393e-01   6.8980304e-01   6.9035584e-01   6.9084488e-01   6.8939623e-01   6.8751114e-01   6.8541608e-01   6.8364805e-01   6.7725506e-01   6.6801031e-01   6.5807013e-01   6.4992455e-01   6.4559927e-01   6.5099836e-01   6.7139716e-01   6.8518738e-01   6.8875335e-01   6.9091283e-01   6.9173503e-01   6.9166997e-01   6.9052818e-01   6.8874634e-01   6.8578271e-01   6.8330797e-01
   6.7464737e-01   6.6509898e-01   6.5517817e-01   6.4693516e-01   6.4187490e-01   6.4516462e-01   6.6517539e-01   6.7976759e-01   6.8455866e-01   6.8698151e-01   6.8767174e-01   6.8828464e-01   6.8689191e-01   6.8514627e-01   6.8291091e-01   6.8113807e-01   6.7507884e-01   6.6594651e-01   6.5591685e-01   6.4752982e-01   6.4272676e-01   6.4725080e-01   6.6733051e-01   6.8179221e-01   6.8582841e-01   6.8800169e-01   6.8907102e-01   6.8909185e-01   6.8801354e-01   6.8631451e-01   6.8327715e-01   6.8082188e-01
   6.7244046e-01   6.6304826e-01   6.5303429e-01   6.4453959e-01   6.3900360e-01   6.4131673e-01   6.6081115e-01   6.7633201e-01   6.8143614e-01   6.8411137e-01   6.8494784e-01   6.8566070e-01   6.8437404e-01   6.8272192e-01   6.8038008e-01   6.7858984e-01   6.7285640e-01   6.6388134e-01   6.5379766e-01   6.4517469e-01   6.3992661e-01   6.4349048e-01   6.6316426e-01   6.7834466e-01   6.8283745e-01   6.8511167e-01   6.8635601e-01   6.8645440e-01   6.8548124e-01   6.8385773e-01   6.8075614e-01   6.7831857e-01
   6.7018573e-01   6.6098960e-01   6.5090591e-01   6.4219202e-01   6.3621476e-01   6.3754111e-01   6.5633782e-01   6.7278774e-01   6.7826001e-01   6.8114598e-01   6.8217149e-01   6.8295959e-01   6.8184580e-01   6.8025014e-01   6.7783204e-01   6.7600931e-01   6.7057906e-01   6.6180430e-01   6.5170657e-01   6.4285027e-01   6.3717890e-01   6.3973026e-01   6.5890628e-01   6.7485406e-01   6.7978443e-01   6.8222813e-01   6.8360495e-01   6.8379663e-01   6.8293121e-01   6.8139057e-01   6.7820861e-01   6.7579536e-01
   6.6788041e-01   6.5891234e-01   6.4878414e-01   6.3989442e-01   6.3350582e-01   6.3387028e-01   6.5177800e-01   6.6911751e-01   6.7506721e-01   6.7810029e-01   6.7935414e-01   6.8018047e-01   6.7925877e-01   6.7775749e-01   6.7526729e-01   6.7340262e-01   6.6824151e-01   6.5969570e-01   6.4963282e-01   6.4054739e-01   6.3446998e-01   6.3599071e-01   6.5457152e-01   6.7130627e-01   6.7671955e-01   6.7929918e-01   6.8080185e-01   6.8107853e-01   6.8033594e-01   6.7890847e-01   6.7563603e-01   6.7326275e-01
   6.6551651e-01   6.5679616e-01   6.4666696e-01   6.3765034e-01   6.3087272e-01   6.3030701e-01   6.4713268e-01   6.6530073e-01   6.7184748e-01   6.7499897e-01   6.7653968e-01   6.7736269e-01   6.7659611e-01   6.7524577e-01   6.7267220e-01   6.7077717e-01   6.6584050e-01   6.5753425e-01   6.4756383e-01   6.3825548e-01   6.3180531e-01   6.3231013e-01   6.5014167e-01   6.6766557e-01   6.7360232e-01   6.7628299e-01   6.7792191e-01   6.7823107e-01   6.7769509e-01   6.7638755e-01   6.7303965e-01   6.7072534e-01
   6.6308556e-01   6.5461482e-01   6.4456233e-01   6.3545665e-01   6.2830548e-01   6.2682446e-01   6.4238555e-01   6.6134670e-01   6.6858413e-01   6.7182138e-01   6.7369962e-01   6.7451994e-01   6.7389391e-01   6.7267102e-01   6.7004125e-01   6.6812865e-01   6.6337179e-01   6.5531645e-01   6.4548592e-01   6.3596837e-01   6.2919675e-01   6.2872288e-01   6.4555758e-01   6.6386624e-01   6.7040994e-01   6.7321556e-01   6.7501302e-01   6.7532752e-01   6.7503026e-01   6.7379327e-01   6.7043762e-01   6.6816275e-01
   6.6059064e-01   6.5235494e-01   6.4247602e-01   6.3329927e-01   6.2579359e-01   6.2342055e-01   6.3757728e-01   6.5726232e-01   6.6524281e-01   6.6863050e-01   6.7077002e-01   6.7165047e-01   6.7116747e-01   6.7002615e-01   6.6735502e-01   6.6544585e-01   6.6083110e-01   6.5304641e-01   6.4337876e-01   6.3368989e-01   6.2664857e-01   6.2524259e-01   6.4085396e-01   6.5991799e-01   6.6710253e-01   6.7008634e-01   6.7208168e-01   6.7242436e-01   6.7235309e-01   6.7109751e-01   6.6784241e-01   6.6555249e-01
   6.5805498e-01   6.5003217e-01   6.4039878e-01   6.3116158e-01   6.2332556e-01   6.2009256e-01   6.3275042e-01   6.5303813e-01   6.6179993e-01   6.6534907e-01   6.6770766e-01   6.6872438e-01   6.6839651e-01   6.6734862e-01   6.6460507e-01   6.6271467e-01   6.5822787e-01   6.5071939e-01   6.4122403e-01   6.3143108e-01   6.2415694e-01   6.2185383e-01   6.3611167e-01   6.5581935e-01   6.6361892e-01   6.6689134e-01   6.6913136e-01   6.6948441e-01   6.6965309e-01   6.6834415e-01   6.6522912e-01   6.6288394e-01
   6.5549471e-01   6.4766631e-01   6.3831497e-01   6.2903555e-01   6.2088460e-01   6.1682374e-01   6.2790736e-01   6.4863040e-01   6.5826555e-01   6.6196251e-01   6.6454070e-01   6.6569373e-01   6.6559618e-01   6.6461765e-01   6.6180822e-01   6.5991349e-01   6.5558116e-01   6.4833368e-01   6.3901410e-01   6.2920155e-01   6.2171050e-01   6.1853155e-01   6.3134929e-01   6.5150991e-01   6.6001612e-01   6.6362032e-01   6.6614889e-01   6.6651751e-01   6.6689081e-01   6.6558098e-01   6.6254342e-01   6.6013896e-01
   6.5290406e-01   6.4526731e-01   6.3620634e-01   6.2691910e-01   6.1845537e-01   6.1362121e-01   6.2307536e-01   6.4406774e-01   6.5466144e-01   6.5851274e-01   6.6132335e-01   6.6262317e-01   6.6278430e-01   6.6183096e-01   6.5895855e-01   6.5703871e-01   6.5289490e-01   6.4589651e-01   6.3674502e-01   6.2699575e-01   6.1928738e-01   6.1527100e-01   6.2658196e-01   6.4704489e-01   6.5630858e-01   6.6025838e-01   6.6312848e-01   6.6350581e-01   6.6402287e-01   6.6275149e-01   6.5977844e-01   6.5731354e-01
   6.5025680e-01   6.4283902e-01   6.3404676e-01   6.2480936e-01   6.1603390e-01   6.1051457e-01   6.1827724e-01   6.3937141e-01   6.5093797e-01   6.5504030e-01   6.5801125e-01   6.5959433e-01   6.5992289e-01   6.5899656e-01   6.5605563e-01   6.5410431e-01   6.5015324e-01   6.4341998e-01   6.3441621e-01   6.2479302e-01   6.1686436e-01   6.1208111e-01   6.2183106e-01   6.4246990e-01   6.5248595e-01   6.5684203e-01   6.6003164e-01   6.6047447e-01   6.6106352e-01   6.5982859e-01   6.5695895e-01   6.5442143e-01
   6.4751678e-01   6.4036508e-01   6.3181093e-01   6.2268796e-01   6.1362502e-01   6.0751281e-01   6.1353406e-01   6.3458536e-01   6.4710645e-01   6.5155969e-01   6.5465035e-01   6.5649572e-01   6.5699074e-01   6.5608001e-01   6.5311110e-01   6.5110165e-01   6.4735210e-01   6.4090745e-01   6.3203163e-01   6.2257109e-01   6.1443713e-01   6.0898251e-01   6.1715065e-01   6.3774777e-01   6.4852110e-01   6.5336034e-01   6.5684793e-01   6.5742615e-01   6.5806792e-01   6.5685461e-01   6.5406737e-01   6.5147723e-01
   6.4465692e-01   6.3783070e-01   6.2949642e-01   6.2051118e-01   6.1122658e-01   6.0458580e-01   6.0889534e-01   6.2975110e-01   6.4316921e-01   6.4808964e-01   6.5120924e-01   6.5325437e-01   6.5394470e-01   6.5309570e-01   6.5010327e-01   6.4802560e-01   6.4449917e-01   6.3834976e-01   6.2956825e-01   6.2031003e-01   6.1200807e-01   6.0597747e-01   6.1255608e-01   6.3286616e-01   6.4446745e-01   6.4981286e-01   6.5360971e-01   6.5434897e-01   6.5505151e-01   6.5382228e-01   6.5107727e-01   6.4849572e-01
   6.4168728e-01   6.3522771e-01   6.2712521e-01   6.1823849e-01   6.0881795e-01   6.0168516e-01   6.0440193e-01   6.2485741e-01   6.3910073e-01   6.4453716e-01   6.4773989e-01   6.4996238e-01   6.5079238e-01   6.5000859e-01   6.4702738e-01   6.4486590e-01   6.4159211e-01   6.3571487e-01   6.2700482e-01   6.1800136e-01   6.0955655e-01   6.0302546e-01   6.0802224e-01   6.2786532e-01   6.4045034e-01   6.4618452e-01   6.5029253e-01   6.5126792e-01   6.5203356e-01   6.5069334e-01   6.4801067e-01   6.4548058e-01
   6.3865971e-01   6.3253583e-01   6.2468747e-01   6.1586280e-01   6.0636652e-01   5.9877159e-01   6.0004627e-01   6.1987452e-01   6.3482456e-01   6.4085623e-01   6.4422548e-01   6.4668600e-01   6.4753787e-01   6.4679553e-01   6.4388426e-01   6.4161615e-01   6.3862816e-01   6.3294784e-01   6.2437278e-01   6.1564673e-01   6.0705180e-01   6.0009707e-01   6.0356658e-01   6.2270726e-01   6.3636828e-01   6.4238575e-01   6.4680184e-01   6.4814543e-01   6.4894832e-01   6.4755422e-01   6.4490885e-01   6.4240569e-01
   6.3559961e-01   6.2975265e-01   6.2214989e-01   6.1339053e-01   6.0384806e-01   5.9581422e-01   5.9580898e-01   6.1472420e-01   6.3032562e-01   6.3701666e-01   6.4067912e-01   6.4336899e-01   6.4428620e-01   6.4351997e-01   6.4064248e-01   6.3830401e-01   6.3559866e-01   6.3004066e-01   6.2169976e-01   6.1322095e-01   6.0447963e-01   5.9719650e-01   5.9923893e-01   6.1735882e-01   6.3205803e-01   6.3852188e-01   6.4313779e-01   6.4491625e-01   6.4571191e-01   6.4434430e-01   6.4174496e-01   6.3923711e-01
   6.3249330e-01   6.2687247e-01   6.1948988e-01   6.1082087e-01   6.0124852e-01   5.9280695e-01   5.9168232e-01   6.0941480e-01   6.2563112e-01   6.3295964e-01   6.3720041e-01   6.3997249e-01   6.4102564e-01   6.4018369e-01   6.3734895e-01   6.3493337e-01   6.3251794e-01   6.2702374e-01   6.1895955e-01   6.1068475e-01   6.0183608e-01   5.9431440e-01   5.9501217e-01   6.1190319e-01   6.2750857e-01   6.3461359e-01   6.3932532e-01   6.4156371e-01   6.4237365e-01   6.4095111e-01   6.3848821e-01   6.3594312e-01
   6.2931508e-01   6.2389928e-01   6.1669005e-01   6.0812869e-01   5.9855355e-01   5.8977584e-01   5.8765703e-01   6.0405632e-01   6.2076314e-01   6.2877890e-01   6.3368154e-01   6.3654008e-01   6.3774969e-01   6.3674571e-01   6.3401169e-01   6.3148537e-01   6.2937837e-01   6.2391459e-01   6.1611281e-01   6.0803540e-01   5.9912563e-01   5.9141392e-01   5.9082426e-01   6.0635755e-01   6.2278550e-01   6.3056342e-01   6.3546898e-01   6.3809252e-01   6.3903642e-01   6.3747988e-01   6.3509733e-01   6.3249932e-01
   6.2605646e-01   6.2085346e-01   6.1376428e-01   6.0524880e-01   5.9576271e-01   5.8674724e-01   5.8373102e-01   5.9863811e-01   6.1577722e-01   6.2447157e-01   6.3004982e-01   6.3309269e-01   6.3439072e-01   6.3323373e-01   6.3062493e-01   6.2796851e-01   6.2611257e-01   6.2072906e-01   6.1314764e-01   6.0527471e-01   5.9637066e-01   5.8847637e-01   5.8673281e-01   6.0071429e-01   6.1789891e-01   6.2631896e-01   6.3157699e-01   6.3447760e-01   6.3576746e-01   6.3397365e-01   6.3156514e-01   6.2893265e-01
   6.2269031e-01   6.1771966e-01   6.1071763e-01   6.0216923e-01   5.9289285e-01   5.8373820e-01   5.7989826e-01   5.9312923e-01   6.1057989e-01   6.2003779e-01   6.2634596e-01   6.2952366e-01   6.3087486e-01   6.2960361e-01   6.2711345e-01   6.2438698e-01   6.2266862e-01   6.1747634e-01   6.1005865e-01   6.0238076e-01   5.9358998e-01   5.8551105e-01   5.8283284e-01   5.9511171e-01   6.1286635e-01   6.2195128e-01   6.2759318e-01   6.3085442e-01   6.3238572e-01   6.3038523e-01   6.2793586e-01   6.2521555e-01
   6.1923529e-01   6.1446174e-01   6.0755476e-01   5.9897437e-01   5.8994061e-01   5.8073010e-01   5.7619056e-01   5.8761368e-01   6.0515347e-01   6.1557215e-01   6.2246753e-01   6.2576402e-01   6.2730477e-01   6.2581310e-01   6.2335146e-01   6.2073859e-01   6.1908846e-01   6.1413946e-01   6.0686997e-01   5.9935211e-01   5.9076644e-01   5.8252044e-01   5.7911553e-01   5.8965286e-01   6.0767096e-01   6.1754671e-01   6.2357265e-01   6.2719183e-01   6.2885979e-01   6.2673190e-01   6.2422366e-01   6.2129317e-01
   6.1570015e-01   6.1105654e-01   6.0427092e-01   5.9574390e-01   5.8688945e-01   5.7768244e-01   5.7269478e-01   5.8215976e-01   5.9959159e-01   6.1105259e-01   6.1830220e-01   6.2197074e-01   6.2361790e-01   6.2193661e-01   6.1940467e-01   6.1701412e-01   6.1537430e-01   6.1069729e-01   6.0358437e-01   5.9619612e-01   5.8785168e-01   5.7948234e-01   5.7550137e-01   5.8428265e-01   6.0237168e-01   6.1309738e-01   6.1957601e-01   6.2340254e-01   6.2526886e-01   6.2293534e-01   6.2039869e-01   6.1726834e-01
   6.1202089e-01   6.0748989e-01   6.0087726e-01   5.9246560e-01   5.8374529e-01   5.7459926e-01   5.6942692e-01   5.7680253e-01   5.9392510e-01   6.0640316e-01   6.1391691e-01   6.1822416e-01   6.1972683e-01   6.1797178e-01   6.1538090e-01   6.1318132e-01   6.1150762e-01   6.0715943e-01   6.0019567e-01   5.9291716e-01   5.8480848e-01   5.7639942e-01   5.7192475e-01   5.7898848e-01   5.9689906e-01   6.0848041e-01   6.1548277e-01   6.1960673e-01   6.2143504e-01   6.1902128e-01   6.1646860e-01   6.1319535e-01
   6.0820506e-01   6.0381232e-01   5.9743366e-01   5.8910509e-01   5.8048173e-01   5.7153383e-01   5.6631895e-01   5.7155072e-01   5.8819640e-01   6.0165603e-01   6.0954445e-01   6.1442289e-01   6.1574839e-01   6.1398042e-01   6.1130835e-01   6.0927402e-01   6.0755358e-01   6.0350922e-01   5.9670340e-01   5.8952371e-01   5.8162918e-01   5.7330383e-01   5.6837243e-01   5.7380187e-01   5.9124243e-01   6.0365167e-01   6.1123448e-01   6.1580302e-01   6.1740059e-01   6.1507931e-01   6.1237855e-01   6.0907278e-01
   6.0426135e-01   6.0009805e-01   5.9395170e-01   5.8565883e-01   5.7705662e-01   5.6851983e-01   5.6328966e-01   5.6642041e-01   5.8241432e-01   5.9685407e-01   6.0514461e-01   6.1056176e-01   6.1165003e-01   6.0988726e-01   6.0718088e-01   6.0527131e-01   6.0356635e-01   5.9970920e-01   5.9305142e-01   5.8602796e-01   5.7829910e-01   5.7020536e-01   5.6485196e-01   5.6871848e-01   5.8538297e-01   5.9869498e-01   6.0691493e-01   6.1195947e-01   6.1331215e-01   6.1109638e-01   6.0813802e-01   6.0490651e-01
   6.0010667e-01   5.9630594e-01   5.9032030e-01   5.8210006e-01   5.7349303e-01   5.6551309e-01   5.6028681e-01   5.6152204e-01   5.7657765e-01   5.9190929e-01   6.0064842e-01   6.0652732e-01   6.0740765e-01   6.0554060e-01   6.0297319e-01   6.0105647e-01   5.9947362e-01   5.9576840e-01   5.8924220e-01   5.8247476e-01   5.7478301e-01   5.6707440e-01   5.6137557e-01   5.6383710e-01   5.7932999e-01   5.9369919e-01   6.0255123e-01   6.0795124e-01   6.0917774e-01   6.0691495e-01   6.0381969e-01   6.0067854e-01
   5.9575882e-01   5.9236083e-01   5.8646216e-01   5.7836817e-01   5.6984085e-01   5.6244124e-01   5.5728392e-01   5.5696034e-01   5.7072078e-01   5.8677358e-01   5.9605057e-01   6.0230219e-01   6.0308316e-01   6.0096762e-01   5.9864982e-01   5.9664726e-01   5.9519268e-01   5.9169097e-01   5.8534764e-01   5.7887528e-01   5.7111966e-01   5.6389586e-01   5.5798194e-01   5.5926121e-01   5.7329521e-01   5.8857346e-01   5.9804770e-01   6.0385317e-01   6.0479900e-01   6.0250564e-01   5.9942434e-01   5.9641218e-01
   5.9135463e-01   5.8822349e-01   5.8246449e-01   5.7443666e-01   5.6612552e-01   5.5928659e-01   5.5423685e-01   5.5275135e-01   5.6495320e-01   5.8143959e-01   5.9135288e-01   5.9796910e-01   5.9855359e-01   5.9630809e-01   5.9408071e-01   5.9211286e-01   5.9078417e-01   5.8745922e-01   5.8138402e-01   5.7516207e-01   5.6739411e-01   5.6069511e-01   5.5469451e-01   5.5498256e-01   5.6738079e-01   5.8328210e-01   5.9328461e-01   5.9960977e-01   6.0009725e-01   5.9792320e-01   5.9490421e-01   5.9205252e-01
   5.8695107e-01   5.8391382e-01   5.7835336e-01   5.7036243e-01   5.6234056e-01   5.5609460e-01   5.5113654e-01   5.4890372e-01   5.5935028e-01   5.7596175e-01   5.8652182e-01   5.9344554e-01   5.9378088e-01   5.9158787e-01   5.8931042e-01   5.8744451e-01   5.8628282e-01   5.8301751e-01   5.7734194e-01   5.7127209e-01   5.6364616e-01   5.5746684e-01   5.5148246e-01   5.5097666e-01   5.6162975e-01   5.7788091e-01   5.8840687e-01   5.9513209e-01   5.9525685e-01   5.9313849e-01   5.9026226e-01   5.8748971e-01
   5.8243240e-01   5.7951292e-01   5.7402619e-01   5.6619232e-01   5.5852225e-01   5.5287736e-01   5.4801053e-01   5.4538836e-01   5.5398717e-01   5.7033290e-01   5.8165812e-01   5.8874818e-01   5.8897891e-01   5.8676179e-01   5.8444512e-01   5.8268896e-01   5.8165125e-01   5.7836947e-01   5.7320706e-01   5.6718756e-01   5.5989698e-01   5.5420530e-01   5.4829372e-01   5.4719881e-01   5.5610585e-01   5.7233717e-01   5.8352255e-01   5.9051115e-01   5.9037214e-01   5.8824326e-01   5.8539345e-01   5.8272974e-01
   5.7768424e-01   5.7501232e-01   5.6946631e-01   5.6194840e-01   5.5470563e-01   5.4961624e-01   5.4487850e-01   5.4207792e-01   5.4890197e-01   5.6457371e-01   5.7671590e-01   5.8389391e-01   5.8398553e-01   5.8162890e-01   5.7949346e-01   5.7776301e-01   5.7685656e-01   5.7368185e-01   5.6893108e-01   5.6291273e-01   5.5609111e-01   5.5086308e-01   5.4508115e-01   5.4354603e-01   5.5084310e-01   5.6673005e-01   5.7850413e-01   5.8583983e-01   5.8536304e-01   5.8331063e-01   5.8038483e-01   5.7781689e-01
   5.7271902e-01   5.7032540e-01   5.6470524e-01   5.5764673e-01   5.5089529e-01   5.4629930e-01   5.4170757e-01   5.3882025e-01   5.4410300e-01   5.5881749e-01   5.7159352e-01   5.7866348e-01   5.7883006e-01   5.7619994e-01   5.7434268e-01   5.7270218e-01   5.7195129e-01   5.6888301e-01   5.6450452e-01   5.5851401e-01   5.5217314e-01   5.4734140e-01   5.4183283e-01   5.3994296e-01   5.4577262e-01   5.6113703e-01   5.7330328e-01   5.8090622e-01   5.8012055e-01   5.7815861e-01   5.7526860e-01   5.7275472e-01
   5.6753485e-01   5.6538210e-01   5.5990142e-01   5.5328434e-01   5.4706966e-01   5.4285497e-01   5.3843319e-01   5.3552643e-01   5.3956680e-01   5.5318688e-01   5.6642417e-01   5.7307969e-01   5.7348471e-01   5.7064029e-01   5.6893381e-01   5.6751203e-01   5.6691598e-01   5.6383485e-01   5.5990202e-01   5.5403669e-01   5.4819084e-01   5.4363409e-01   5.3855722e-01   5.3637067e-01   5.4085293e-01   5.5548293e-01   5.6794870e-01   5.7552538e-01   5.7466549e-01   5.7270701e-01   5.6990645e-01   5.6751444e-01
   5.6219205e-01   5.6021533e-01   5.5509387e-01   5.4891628e-01   5.4317022e-01   5.3927590e-01   5.3507301e-01   5.3218478e-01   5.3525706e-01   5.4770213e-01   5.6126858e-01   5.6720606e-01   5.6786430e-01   5.6493711e-01   5.6330001e-01   5.6202911e-01   5.6160107e-01   5.5863173e-01   5.5512036e-01   5.4955869e-01   5.4422102e-01   5.3983125e-01   5.3528391e-01   5.3285448e-01   5.3624033e-01   5.4979181e-01   5.6236044e-01   5.6974785e-01   5.6907146e-01   5.6709440e-01   5.6437226e-01   5.6210773e-01
   5.5659868e-01   5.5486334e-01   5.5009682e-01   5.4447512e-01   5.3914639e-01   5.3564419e-01   5.3166289e-01   5.2886109e-01   5.3115896e-01   5.4240899e-01   5.5598786e-01   5.6109308e-01   5.6194606e-01   5.5910855e-01   5.5740933e-01   5.5624698e-01   5.5597364e-01   5.5327774e-01   5.5017275e-01   5.4507503e-01   5.4022224e-01   5.3601596e-01   5.3204761e-01   5.2942252e-01   5.3202357e-01   5.4415418e-01   5.5653901e-01   5.6371298e-01   5.6326501e-01   5.6136583e-01   5.5865218e-01   5.5655624e-01
   5.5082092e-01   5.4939719e-01   5.4497032e-01   5.3977788e-01   5.3501793e-01   5.3195783e-01   5.2814382e-01   5.2559303e-01   5.2724350e-01   5.3730036e-01   5.5044460e-01   5.5480925e-01   5.5578869e-01   5.5317467e-01   5.5131614e-01   5.5020786e-01   5.5012792e-01   5.4770556e-01   5.4500724e-01   5.4044838e-01   5.3609955e-01   5.3214036e-01   5.2878619e-01   5.2606333e-01   5.2803251e-01   5.3860672e-01   5.5055999e-01   5.5753752e-01   5.5710852e-01   5.5537238e-01   5.5268442e-01   5.5084837e-01
   5.4504775e-01   5.4388068e-01   5.3980862e-01   5.3484143e-01   5.3074730e-01   5.2809287e-01   5.2452900e-01   5.2232263e-01   5.2346122e-01   5.3232768e-01   5.4455371e-01   5.4826042e-01   5.4946990e-01   5.4707675e-01   5.4520348e-01   5.4398928e-01   5.4410482e-01   5.4205434e-01   5.3959429e-01   5.3565311e-01   5.3186107e-01   5.2819723e-01   5.2537306e-01   5.2273406e-01   5.2414998e-01   5.3322090e-01   5.4438846e-01   5.5110347e-01   5.5058399e-01   5.4909525e-01   5.4646370e-01   5.4500707e-01
   5.3919547e-01   5.3819044e-01   5.3446888e-01   5.2977508e-01   5.2624335e-01   5.2399847e-01   5.2093681e-01   5.1899917e-01   5.1977746e-01   5.2745080e-01   5.3839158e-01   5.4162379e-01   5.4285470e-01   5.4069607e-01   5.3889111e-01   5.3763819e-01   5.3783293e-01   5.3631614e-01   5.3410517e-01   5.3072692e-01   5.2751414e-01   5.2426062e-01   5.2177844e-01   5.1942018e-01   5.2041601e-01   5.2800325e-01   5.3809144e-01   5.4429482e-01   5.4384179e-01   5.4259356e-01   5.4012059e-01   5.3900490e-01
   5.3309413e-01   5.3222163e-01   5.2895777e-01   5.2454656e-01   5.2158916e-01   5.1974052e-01   5.1735547e-01   5.1560644e-01   5.1617927e-01   5.2264858e-01   5.3208260e-01   5.3496226e-01   5.3588749e-01   5.3404535e-01   5.3234294e-01   5.3123447e-01   5.3127761e-01   5.3034506e-01   5.2854008e-01   5.2572019e-01   5.2310934e-01   5.2027266e-01   5.1809678e-01   5.1615568e-01   5.1683762e-01   5.2293093e-01   5.3183241e-01   5.3718961e-01   5.3689577e-01   5.3576619e-01   5.3368830e-01   5.3271695e-01
   5.2670068e-01   5.2601858e-01   5.2338018e-01   5.1922635e-01   5.1700500e-01   5.1547779e-01   5.1368702e-01   5.1216768e-01   5.1265738e-01   5.1790582e-01   5.2561023e-01   5.2805136e-01   5.2869578e-01   5.2735647e-01   5.2575300e-01   5.2479658e-01   5.2454627e-01   5.2422944e-01   5.2291538e-01   5.2068609e-01   5.1862576e-01   5.1620385e-01   5.1438948e-01   5.1295818e-01   5.1335171e-01   5.1797210e-01   5.2565080e-01   5.2980382e-01   5.2974171e-01   5.2872770e-01   5.2694795e-01   5.2623708e-01
   5.2014619e-01   5.1967293e-01   5.1768857e-01   5.1399775e-01   5.1253534e-01   5.1136864e-01   5.0992291e-01   5.0872936e-01   5.0920866e-01   5.1324008e-01   5.1903154e-01   5.2104914e-01   5.2139794e-01   5.2046735e-01   5.1911628e-01   5.1829932e-01   5.1775639e-01   5.1792777e-01   5.1737302e-01   5.1562990e-01   5.1394590e-01   5.1209912e-01   5.1063988e-01   5.0976777e-01   5.0988156e-01   5.1308383e-01   5.1945273e-01   5.2215625e-01   5.2238453e-01   5.2163065e-01   5.1996300e-01   5.1964829e-01
   5.1356481e-01   5.1332454e-01   5.1188247e-01   5.0893514e-01   5.0799777e-01   5.0744045e-01   5.0618182e-01   5.0533672e-01   5.0580915e-01   5.0867145e-01   5.1247070e-01   5.1398015e-01   5.1398265e-01   5.1339539e-01   5.1229234e-01   5.1176626e-01   5.1090019e-01   5.1150234e-01   5.1169812e-01   5.1045616e-01   5.0916926e-01   5.0794027e-01   5.0686724e-01   5.0649298e-01   5.0636580e-01   5.0828247e-01   5.1314420e-01   5.1441323e-01   5.1480122e-01   5.1438217e-01   5.1293674e-01   5.1286310e-01
   5.0695186e-01   5.0698630e-01   5.0600314e-01   5.0397133e-01   5.0330367e-01   5.0355514e-01   5.0251602e-01   5.0203932e-01   5.0246283e-01   5.0414041e-01   5.0598467e-01   5.0662682e-01   5.0638189e-01   5.0635791e-01   5.0545709e-01   5.0518469e-01   5.0401368e-01   5.0505780e-01   5.0574043e-01   5.0506811e-01   5.0437270e-01   5.0372511e-01   5.0313944e-01   5.0309945e-01   5.0278527e-01   5.0361400e-01   5.0674329e-01   5.0664894e-01   5.0710885e-01   5.0696617e-01   5.0586495e-01   5.0599753e-01
