   3.1020883e-10   1.2526577e-10   1.0042765e-10   1.5211763e-10   1.2096852e-09   1.0707169e-08   3.4053843e-08   3.7750578e-08   3.3366509e-08   2.5795405e-08   1.8831757e-08   1.1700924e-08   6.6412995e-09   3.8028145e-09   3.2484276e-09   1.7597189e-09   3.2173524e-10   1.3878556e-10   1.1169683e-10   1.4840273e-10   1.4166569e-09   1.1286520e-08   3.6266137e-08   3.6190728e-08   3.1316299e-08   2.6755287e-08   1.8277285e-08   1.1465333e-08   6.6207387e-09   3.8872943e-09   3.3523019e-09   1.8064917e-09
   4.8840541e-09   1.9835434e-09   1.5909519e-09   2.3993688e-09   1.8953398e-08   1.6751326e-07   5.3289349e-07   5.9113701e-07   5.2283594e-07   4.0462880e-07   2.9566329e-07   1.8404842e-07   1.0454133e-07   5.9887575e-08   5.0976624e-08   2.7597235e-08   5.0682317e-09   2.1949358e-09   1.7672227e-09   2.3450308e-09   2.2196800e-08   1.7655173e-07   5.6741353e-07   5.6673812e-07   4.9085860e-07   4.1961982e-07   2.8701701e-07   1.8030459e-07   1.0421545e-07   6.1207480e-08   5.2597405e-08   2.8334210e-08
   2.2495464e-08   9.1803917e-09   7.3638624e-09   1.1048176e-08   8.6627527e-08   7.6407008e-07   2.4313089e-06   2.6995350e-06   2.3894376e-06   1.8518335e-06   1.3546351e-06   8.4513974e-07   4.8054936e-07   2.7536254e-07   2.3338483e-07   1.2639676e-07   2.3345808e-08   1.0147158e-08   8.1683425e-09   1.0822997e-08   1.0146165e-07   8.0517171e-07   2.5880862e-06   2.5880176e-06   2.2442616e-06   1.9200403e-06   1.3154263e-06   8.2773753e-07   4.7902677e-07   2.8139465e-07   2.4075537e-07   1.2977976e-07
   6.4714286e-08   2.6526949e-08   2.1273661e-08   3.1727408e-08   2.4666715e-07   2.1699804e-06   6.9067973e-06   7.6776100e-06   6.8017018e-06   5.2807508e-06   3.8680308e-06   2.4196885e-06   1.3777071e-06   7.8966324e-07   6.6609251e-07   3.6111539e-07   6.7146902e-08   2.9286887e-08   2.3562553e-08   3.1166021e-08   2.8895320e-07   2.2862836e-06   7.3492712e-06   7.3598044e-06   6.3918884e-06   5.4737824e-06   3.7576054e-06   2.3691363e-06   1.3732340e-06   8.0687763e-07   6.8696518e-07   3.7078606e-07
   1.4617050e-07   6.0179986e-08   4.8244666e-08   7.1471267e-08   5.5018853e-07   4.8246407e-06   1.5359795e-05   1.7097911e-05   1.5163429e-05   1.1798307e-05   8.6556436e-06   5.4320363e-06   3.0980248e-06   1.7764121e-06   1.4908917e-06   8.0934422e-07   1.5161121e-07   6.6361231e-08   5.3351512e-08   7.0426867e-08   6.4466162e-07   5.0819926e-06   1.6335208e-05   1.6388464e-05   1.4258940e-05   1.2225548e-05   8.4128795e-06   5.3165590e-06   3.0876464e-06   1.8149724e-06   1.5371959e-06   8.3100878e-07
   2.8515727e-07   1.1793207e-07   9.4499790e-08   1.3895195e-07   1.0572573e-06   9.2355060e-06   2.9405904e-05   3.2788844e-05   2.9116796e-05   2.2714603e-05   1.6696030e-05   1.0518363e-05   6.0112168e-06   3.4489976e-06   2.8796536e-06   1.5655837e-06   2.9563853e-07   1.2987841e-07   1.0433098e-07   1.3740691e-07   1.2392346e-06   9.7249063e-06   3.1252633e-05   3.1426066e-05   2.7400579e-05   2.3527996e-05   1.6238052e-05   1.0290150e-05   5.9902893e-06   3.5235732e-06   2.9681837e-06   1.6074429e-06
   5.0432049e-07   2.0955037e-07   1.6782903e-07   2.4472965e-07   1.8365887e-06   1.5970231e-05   5.0844281e-05   5.6808104e-05   5.0525593e-05   3.9538865e-05   2.9130064e-05   1.8436234e-05   1.0563011e-05   6.0663768e-06   5.0384407e-06   2.7437066e-06   5.2258943e-07   2.3046285e-07   1.8497099e-07   2.4296887e-07   2.1537599e-06   1.6808809e-05   5.3995764e-05   5.4448610e-05   4.7589095e-05   4.0936839e-05   2.8352443e-05   1.8026812e-05   1.0524498e-05   6.1970758e-06   5.1915420e-06   2.8169405e-06
   8.3144750e-07   3.4717230e-07   2.7790390e-07   4.0152946e-07   2.9647479e-06   2.5642816e-05   8.1600222e-05   9.1388181e-05   8.1434514e-05   6.3957384e-05   4.7254035e-05   3.0069581e-05   1.7282192e-05   9.9388134e-06   8.2116867e-06   4.4795774e-06   8.6108612e-07   3.8126756e-07   3.0574234e-07   4.0038416e-07   3.4789148e-06   2.6972899e-05   8.6587478e-05   8.7610879e-05   7.6779467e-05   6.6188119e-05   4.6032611e-05   2.9384390e-05   1.7215677e-05   1.0152232e-05   8.4578934e-06   4.5988850e-06
   1.3003636e-06   5.4576596e-07   4.3664384e-07   6.2457378e-07   4.5252114e-06   3.8894929e-05   1.2364611e-04   1.3885548e-04   1.2400321e-04   9.7790944e-05   7.2500325e-05   4.6427095e-05   2.6785377e-05   1.5433168e-05   1.2686245e-05   6.9337575e-06   1.3459220e-06   5.9845086e-07   4.7949474e-07   6.2571910e-07   5.3137259e-06   4.0881780e-05   1.3110258e-04   1.3317758e-04   1.1705245e-04   1.0115564e-04   7.0694163e-05   4.5339583e-05   2.6675748e-05   1.5763536e-05   1.3060812e-05   7.1179450e-06
   1.9519401e-06   8.2366259e-07   6.5863986e-07   9.3202538e-07   6.6078457e-06   5.6373635e-05   1.7891172e-04   2.0152972e-04   1.8041772e-04   1.4293253e-04   1.0640462e-04   6.8632091e-05   3.9778405e-05   2.2977267e-05   1.8795036e-05   1.0294193e-05   2.0190828e-06   9.0172290e-07   7.2189150e-07   9.3827216e-07   7.7644238e-06   5.9204063e-05   1.8958138e-04   1.9343233e-04   1.7053750e-04   1.4778899e-04   1.0385917e-04   6.6978000e-05   3.9604210e-05   2.3467635e-05   1.9340293e-05   1.0566801e-05
   2.8352107e-06   1.2031665e-06   9.6164045e-07   1.3456072e-06   9.3090558e-06   7.8705758e-05   2.4919769e-04   2.8161246e-04   2.5278656e-04   2.0127024e-04   1.5055937e-04   9.7902361e-05   5.7053205e-05   3.3062782e-05   2.6919961e-05   1.4778751e-05   2.9308767e-06   1.3149660e-06   1.0519045e-06   1.3610845e-06   1.0943817e-05   8.2590899e-05   2.6393912e-04   2.7056907e-04   2.3932026e-04   2.0803463e-04   1.4710935e-04   9.5475242e-05   5.6784752e-05   3.3766168e-05   2.7685413e-05   1.5168702e-05
   4.0085910e-06   1.7112467e-06   1.3671037e-06   1.8914175e-06   1.2731942e-05   1.0646894e-04   3.3609952e-04   3.8107231e-04   3.4303251e-04   2.7460321e-04   2.0655397e-04   1.3551936e-04   7.9479162e-05   4.6246028e-05   3.7493659e-05   2.0637417e-05   4.1411669e-06   1.8669311e-06   1.4923727e-06   1.9215503e-06   1.4971040e-05   1.1165369e-04   3.5587123e-04   3.6657436e-04   3.2534002e-04   2.8374368e-04   2.0202709e-04   1.3206860e-04   7.9076510e-05   4.7226392e-05   3.8535761e-05   2.1179662e-05
   5.5411841e-06   2.3803123e-06   1.9008185e-06   2.6008265e-06   1.6985081e-05   1.4016233e-04   4.4093679e-04   5.0153092e-04   4.5279125e-04   3.6455796e-04   2.7590439e-04   1.8278719e-04   1.0798834e-04   6.3146063e-05   5.0999662e-05   2.8153953e-05   5.7206918e-06   2.5920113e-06   2.0706255e-06   2.6521310e-06   1.9970657e-05   1.4694102e-04   4.6675310e-04   4.8311077e-04   4.3028254e-04   3.7657113e-04   2.7012770e-04   1.7801973e-04   1.0739939e-04   6.4478919e-05   5.2381205e-05   2.8890073e-05
   7.5141537e-06   3.2490713e-06   2.5935970e-06   3.5111832e-06   2.2179369e-05   1.8018410e-04   5.6467513e-04   6.4415510e-04   5.8332174e-04   4.7250790e-04   3.5997806e-04   2.4098306e-04   1.4355441e-04   8.4439551e-05   6.7970442e-05   3.7646727e-05   7.7524502e-06   3.5310896e-06   2.8191718e-06   3.5911166e-06   2.6069893e-05   1.8891824e-04   5.9754139e-04   6.2140872e-04   5.5547458e-04   4.8787366e-04   3.5278709e-04   2.3456933e-04   1.4271324e-04   8.6212020e-05   6.9759519e-05   3.8625444e-05
   1.0022128e-05   4.3634686e-06   3.4820350e-06   4.6660609e-06   2.8424484e-05   2.2682382e-04   7.0784096e-04   8.0956623e-04   7.3542748e-04   5.9949377e-04   4.5992144e-04   3.1130189e-04   1.8716560e-04   1.1085200e-04   8.8982898e-05   4.9468426e-05   1.0333117e-05   4.7324546e-06   3.7764502e-06   4.7832866e-06   3.3393744e-05   2.3795308e-04   7.4869695e-04   7.8217369e-04   7.0179078e-04   6.1861724e-04   4.5116930e-04   3.0288563e-04   1.8599122e-04   1.1316203e-04   9.1251438e-05   5.0745959e-05
   1.3174589e-05   5.7776935e-06   4.6093387e-06   6.1150778e-06   3.5827192e-05   2.8026999e-04   8.7045259e-04   9.9778214e-04   9.0938999e-04   7.4614356e-04   5.7659513e-04   3.9479835e-04   2.3979251e-04   1.4314509e-04   1.1465085e-04   6.4004320e-05   1.3574443e-05   6.2527738e-06   4.9876352e-06   6.2802994e-06   4.2059502e-05   2.9430337e-04   9.2014888e-04   9.6551988e-04   8.6958618e-04   7.6930753e-04   5.6615744e-04   3.8400934e-04   2.3818805e-04   1.4609967e-04   1.1747278e-04   6.5644499e-05
   1.7097190e-05   7.5552404e-06   6.0262057e-06   7.9138263e-06   4.4491720e-05   3.4062279e-04   1.0519998e-03   1.2082006e-03   1.1049252e-03   9.1259898e-04   7.1051799e-04   4.9233006e-04   3.0235178e-04   1.8210016e-04   1.4561428e-04   8.1668745e-05   1.7604572e-05   8.1581060e-06   6.5054889e-06   8.1407916e-06   5.2173424e-05   3.5810037e-04   1.1113019e-03   1.1709435e-03   1.0586613e-03   9.3995110e-04   6.9829216e-04   4.7879879e-04   3.0020423e-04   1.8581218e-04   1.4906339e-04   8.3742793e-05
   2.1932909e-05   9.7699976e-06   7.7917481e-06   1.0124702e-05   5.4520540e-05   4.0789741e-04   1.2514822e-03   1.4396168e-03   1.3211743e-03   1.0984667e-03   8.6182190e-04   6.0450538e-04   3.7566696e-04   2.2849773e-04   1.8252518e-04   1.0289949e-04   2.2569200e-05   1.0524927e-05   8.3912404e-06   1.0430512e-05   6.3831752e-05   4.2933071e-04   1.3210716e-03   1.3973381e-03   1.2682521e-03   1.1300469e-03   8.4772177e-04   5.8787953e-04   3.7284774e-04   2.3308161e-04   1.8667290e-04   1.0548538e-04
   2.7842961e-05   1.2507328e-05   9.9744346e-06   1.2818949e-05   6.6014707e-05   4.8201144e-04   1.4674829e-03   1.6902596e-03   1.5567232e-03   1.3028133e-03   1.0302225e-03   7.3163898e-04   4.6042814e-04   2.8309370e-04   2.2603013e-04   1.2814985e-04   2.8632481e-05   1.3441136e-05   1.0715473e-05   1.3223082e-05   7.7125835e-05   5.0783142e-04   1.5479344e-03   1.6430395e-03   1.4970301e-03   1.3386006e-03   1.0141694e-03   7.1160138e-04   4.5679502e-04   2.8865949e-04   2.3094341e-04   1.3133114e-04
   3.5007339e-05   1.5865099e-05   1.2653022e-05   1.6079120e-05   7.9074020e-05   5.6276717e-04   1.6982461e-03   1.9578438e-03   1.8096395e-03   1.5242102e-03   1.2150132e-03   8.7371762e-04   5.5715239e-04   3.4659231e-04   2.7674997e-04   1.5787822e-04   3.5977553e-05   1.7006991e-05   1.3558988e-05   1.6601719e-05   9.2148146e-05   5.9330526e-04   1.7899864e-03   1.9058861e-03   1.7431188e-03   1.5641544e-03   1.1969222e-03   8.5000403e-04   5.5255356e-04   3.5323864e-04   2.8248949e-04   1.6174229e-04
   4.3624877e-05   1.9954595e-05   1.5917439e-05   2.0000375e-05   9.3796901e-05   6.4984913e-04   1.9417494e-03   2.2396582e-03   2.0775237e-03   1.7608101e-03   1.4150846e-03   1.0303782e-03   6.6614771e-04   4.1961695e-04   3.3525714e-04   1.9253519e-04   4.4806583e-05   2.1335927e-05   1.7013608e-05   2.0661401e-05   1.0899514e-04   6.8534619e-04   2.0450120e-03   2.1832953e-03   2.0041512e-03   1.8048277e-03   1.3948453e-03   1.0027914e-03   6.6042855e-04   4.2742288e-04   3.4187624e-04   1.9717089e-04
   5.3912702e-05   2.4901253e-05   1.9869571e-05   2.4689780e-05   1.1028034e-04   7.4284597e-04   2.1957778e-03   2.5327009e-03   2.3575946e-03   2.0104305e-03   1.6289622e-03   1.2009002e-03   7.8748308e-04   5.0267962e-04   4.0205157e-04   2.3254842e-04   5.5340174e-05   2.6555176e-05   2.1182871e-05   2.5510202e-05   1.2776533e-04   7.8345956e-04   2.3105686e-03   2.4723629e-03   2.2773831e-03   2.0583722e-03   1.6064234e-03   1.1693173e-03   7.8049584e-04   5.1169581e-04   4.0959587e-04   2.3804309e-04
   6.6104946e-05   3.0845120e-05   2.4623895e-05   3.0264461e-05   1.2862148e-04   8.4128265e-04   2.4580049e-03   2.8338431e-03   2.6468178e-03   2.2706270e-03   1.8548529e-03   1.3842158e-03   9.2096698e-04   5.9615050e-04   4.7753618e-04   2.7830582e-04   6.7816026e-05   3.2806113e-05   2.6182561e-05   3.1268976e-05   1.4855447e-04   8.8707742e-04   2.5840916e-03   2.7699888e-03   2.5598429e-03   2.3222473e-03   1.8298245e-03   1.3485896e-03   9.1258274e-04   6.0639009e-04   4.8604407e-04   2.8474166e-04
   8.0450587e-05   3.7940962e-05   3.0307892e-05   3.6850222e-05   1.4892066e-04   9.4464270e-04   2.7260818e-03   3.1399815e-03   2.9420603e-03   2.5387673e-03   2.0906945e-03   1.5789387e-03   1.0661363e-03   7.0022914e-04   5.6199331e-04   3.3013754e-04   8.2486709e-05   4.0244239e-05   3.2141003e-05   3.8069881e-05   1.7145172e-04   9.9558347e-04   2.8630062e-03   3.0730146e-03   2.8484753e-03   2.5937243e-03   2.0629799e-03   1.5392981e-03   1.0562574e-03   7.1165921e-04   5.7149681e-04   3.3758756e-04
   9.7210301e-05   4.6357895e-05   3.7062173e-05   4.4581454e-05   1.7128274e-04   1.0523784e-03   2.9977223e-03   3.4481495e-03   3.2402404e-03   2.8121267e-03   2.3342175e-03   1.7834136e-03   1.2222574e-03   8.1491896e-04   6.5556328e-04   3.8829815e-04   9.9616469e-05   4.9038696e-05   3.9199053e-05   4.6055030e-05   1.9653887e-04   1.1083568e-03   3.1448212e-03   3.3783511e-03   3.1402585e-03   2.8700147e-03   2.3036703e-03   1.7398662e-03   1.2108280e-03   8.2745372e-04   6.6608900e-04   3.9682145e-04
   1.1665224e-04   5.6278470e-05   4.5040198e-05   5.3601930e-05   1.9581414e-04   1.1639246e-03   3.2707717e-03   3.7555836e-03   3.5384448e-03   3.0880052e-03   2.5830223e-03   1.9957845e-03   1.3883397e-03   9.4000699e-04   7.5822661e-04   4.5294975e-04   1.1947701e-04   5.9371228e-05   4.7509691e-05   5.5375850e-05   2.2389288e-04   1.2248216e-03   3.4271942e-03   3.6830787e-03   3.4322945e-03   3.1483998e-03   2.5496073e-03   1.9485195e-03   1.3753529e-03   9.5350420e-04   7.6979601e-04   4.6258636e-04
   1.3904667e-04   6.7897089e-05   5.4407512e-05   6.4065579e-05   2.2261724e-04   1.2787265e-03   3.5432635e-03   4.0597553e-03   3.8340075e-03   3.3638448e-03   2.8346744e-03   2.2140755e-03   1.5631637e-03   1.0750511e-03   8.6979110e-04   5.2414759e-04   1.4234225e-04   7.1434492e-05   5.7237151e-05   6.6192699e-05   2.5359092e-04   1.3444710e-03   3.7079800e-03   3.9845228e-03   3.7218817e-03   3.4263345e-03   2.7985048e-03   2.1633574e-03   1.5486643e-03   1.0893125e-03   8.8242003e-04   5.3491285e-04
   1.6465966e-04   8.1417703e-05   6.5340378e-05   7.6136426e-05   2.5178647e-04   1.3962766e-03   3.8134717e-03   4.3583921e-03   4.1245614e-03   3.6373115e-03   3.0868094e-03   2.4362732e-03   1.7453197e-03   1.2193768e-03   9.8988489e-04   6.0182900e-04   1.6848211e-04   8.5429644e-05   6.8555486e-05   7.8673955e-05   2.8571594e-04   1.4668440e-03   3.9852758e-03   4.2803146e-03   4.0065762e-03   3.7015113e-03   3.0481414e-03   2.3824194e-03   1.7294020e-03   1.2341527e-03   1.0035825e-03   6.1370791e-04
   1.9374576e-04   9.7050732e-05   7.8023737e-05   8.9987124e-05   2.8340906e-04   1.5161479e-03   4.0799422e-03   4.6495135e-03   4.4080724e-03   3.9063305e-03   3.3372354e-03   2.6603996e-03   1.9332562e-03   1.3720858e-03   1.1179563e-03   6.8580664e-04   1.9815548e-04   1.0156317e-04   8.1646531e-05   9.2994294e-05   3.2035689e-04   1.5914859e-03   4.2574684e-03   4.5684490e-03   4.2842518e-03   3.9718924e-03   3.2964183e-03   2.6037390e-03   1.9160560e-03   1.3870815e-03   1.1327244e-03   6.9874876e-04
   2.2654023e-04   1.1500921e-04   9.2648451e-05   1.0579601e-04   3.1756910e-04   1.6380124e-03   4.3414767e-03   4.9314743e-03   4.6828508e-03   4.1690823e-03   3.5840148e-03   2.8845651e-03   2.1253319e-03   1.5320760e-03   1.2532811e-03   7.7576691e-04   2.3160262e-04   1.2004300e-04   9.6697212e-05   1.0933251e-04   3.5759951e-04   1.7179489e-03   4.5232718e-03   4.8473282e-03   4.5531565e-03   4.2357244e-03   3.5414200e-03   2.8253905e-03   2.1070106e-03   1.5469586e-03   1.2691150e-03   7.8968258e-04
   2.6325088e-04   1.3550420e-04   1.0940782e-04   1.2374314e-04   3.5434981e-04   1.7616404e-03   4.5970741e-03   5.2029815e-03   4.9475442e-03   4.4239754e-03   3.8255026e-03   3.1070053e-03   2.3198649e-03   1.6980714e-03   1.3949763e-03   8.7127403e-04   2.6903720e-04   1.4107385e-04   1.1389620e-04   1.2786930e-04   3.9751488e-04   1.8458404e-03   4.7817232e-03   5.1157517e-03   4.8119387e-03   4.4915399e-03   3.7814640e-03   3.0455403e-03   2.3005924e-03   1.7124766e-03   1.4118685e-03   8.8603264e-04
   3.0404996e-04   1.5873964e-04   1.2849340e-04   1.4400614e-04   3.9382986e-04   1.8868753e-03   4.8458611e-03   5.4630780e-03   5.2011327e-03   4.6696172e-03   4.0603409e-03   3.3261112e-03   2.5151749e-03   1.8686600e-03   1.5420214e-03   9.7178004e-04   3.1063840e-04   1.6485217e-04   1.3342994e-04   1.4878488e-04   4.4015798e-04   1.9748603e-03   5.0321278e-03   5.3728322e-03   5.0596184e-03   4.7381345e-03   4.0151142e-03   3.2625120e-03   2.4951240e-03   1.8821988e-03   1.5599662e-03   9.8721077e-04
   3.4906638e-04   1.8490669e-04   1.5009004e-04   1.6675594e-04   4.3607565e-04   2.0135668e-03   5.0870619e-03   5.7111088e-03   5.4429381e-03   4.9048238e-03   4.2874395e-03   3.5404619e-03   2.7096175e-03   2.0423344e-03   1.6932849e-03   1.0766406e-03   3.5654334e-04   1.9156059e-04   1.5547797e-04   1.7225555e-04   4.8558126e-04   2.1047728e-03   5.2739972e-03   5.6179018e-03   5.2955122e-03   4.9745151e-03   4.2411480e-03   3.4748520e-03   2.6889810e-03   2.0546041e-03   1.7122844e-03   1.0925356e-03
   3.9837860e-04   2.1417800e-04   1.7437045e-04   1.9215252e-04   4.8113427e-04   2.1414878e-03   5.3200415e-03   5.9466718e-03   5.6726172e-03   5.1286956e-03   4.5059604e-03   3.7488523e-03   2.9016187e-03   2.2175356e-03   1.8475547e-03   1.1851353e-03   4.0684031e-04   2.2136234e-04   1.8020780e-04   1.9844842e-04   5.3385778e-04   2.2353388e-03   5.5069812e-03   5.8504968e-03   5.5191552e-03   5.1998593e-03   4.4585190e-03   3.6813603e-03   2.8806462e-03   2.2281365e-03   1.8676246e-03   1.2012555e-03
   4.5200865e-04   2.4670204e-04   2.0148909e-04   2.2033993e-04   5.2903090e-04   2.2703223e-03   5.5443816e-03   6.1696069e-03   5.8900919e-03   5.3407177e-03   4.7152900e-03   3.9502942e-03   3.0897146e-03   2.3926989e-03   2.0035721e-03   1.2964915e-03   4.6156301e-04   2.5439569e-04   2.0776938e-04   2.2751483e-04   5.8509599e-04   2.3662878e-03   5.7308098e-03   6.0704010e-03   5.7302534e-03   5.4135303e-03   4.6663650e-03   3.8810685e-03   3.0687471e-03   2.4012570e-03   2.0247446e-03   1.3125749e-03
   5.0991792e-04   2.8259785e-04   2.3157600e-04   2.5144103e-04   5.7977004e-04   2.3997316e-03   5.7599111e-03   6.3800633e-03   6.0954334e-03   5.5407897e-03   4.9149871e-03   4.1439862e-03   3.2725913e-03   2.5663027e-03   2.1600666e-03   1.4099091e-03   5.2068608e-04   2.9076869e-04   2.3828954e-04   2.5958422e-04   6.3941814e-04   2.4973595e-03   5.9453564e-03   6.2776595e-03   5.9286628e-03   5.6151243e-03   4.8640481e-03   4.0731938e-03   3.2520733e-03   2.5724954e-03   2.1823900e-03   1.4256826e-03
   5.7200483e-04   3.2195056e-04   2.6473062e-04   2.8555142e-04   6.3333869e-04   2.5294293e-03   5.9666676e-03   6.5785153e-03   6.2887732e-03   5.7291174e-03   5.1047544e-03   4.3292825e-03   3.4491133e-03   2.7369232e-03   2.3157900e-03   1.5245855e-03   5.8412220e-04   3.3055433e-04   2.7186661e-04   2.9475966e-04   6.9689635e-04   2.6283466e-03   6.1508102e-03   6.4725628e-03   6.1144071e-03   5.8044901e-03   5.0511759e-03   4.2571103e-03   3.4295805e-03   2.7404969e-03   2.3393246e-03   1.5397792e-03
   6.3810496e-04   3.6480782e-04   3.0101594e-04   3.2273256e-04   6.8970997e-04   2.6592360e-03   6.1648121e-03   6.7656046e-03   6.4702762e-03   5.9060139e-03   5.2844735e-03   4.5056962e-03   3.6183401e-03   2.9032870e-03   2.4695488e-03   1.6397385e-03   6.5172069e-04   3.7378642e-04   3.0856567e-04   3.3311441e-04   7.5750081e-04   2.7590809e-03   6.3477328e-03   6.6556034e-03   6.2877272e-03   5.9817235e-03   5.2276060e-03   4.4323566e-03   3.6003965e-03   2.9040623e-03   2.4943586e-03   1.6541030e-03
   7.0799334e-04   4.1117741e-04   3.4045346e-04   3.6300395e-04   7.4884516e-04   2.7890641e-03   6.3545196e-03   6.9418538e-03   6.6401846e-03   6.0718073e-03   5.4542437e-03   4.6729192e-03   3.7795420e-03   3.0643122e-03   2.6202328e-03   1.7546266e-03   7.2326781e-04   4.2045662e-04   3.4841470e-04   3.7468848e-04   8.2111888e-04   2.8893902e-03   6.5368543e-03   6.8273946e-03   6.4490856e-03   6.1471505e-03   5.3934517e-03   4.5986650e-03   3.7638356e-03   3.0621778e-03   2.6463747e-03   1.7679534e-03
   7.8138895e-04   4.6102597e-04   3.8301937e-04   4.0633627e-04   8.1069577e-04   2.9187583e-03   6.5358954e-03   7.1074462e-03   6.7988752e-03   6.2269719e-03   5.6143149e-03   4.8308169e-03   3.9322200e-03   3.2191246e-03   2.7668389e-03   1.8685660e-03   7.9848856e-04   4.7051278e-04   3.9140212e-04   4.1948459e-04   8.8760756e-04   3.0190324e-03   6.7187063e-03   6.9886629e-03   6.5990995e-03   6.3012731e-03   5.5490734e-03   4.7559818e-03   3.9194099e-03   3.2140351e-03   2.7943523e-03   1.8807078e-03
   8.5796090e-04   5.1427906e-04   4.2864209e-04   4.5264801e-04   8.7521117e-04   3.0479884e-03   6.7089056e-03   7.2623739e-03   6.9468272e-03   6.3722611e-03   5.7649194e-03   4.9793825e-03   4.0761233e-03   3.3670455e-03   2.9084890e-03   1.9809433e-03   8.7705004e-04   5.2385902e-04   4.3747578e-04   4.6746337e-04   9.5680436e-04   3.1477065e-03   6.8933810e-03   7.1402451e-03   6.7384766e-03   6.4446630e-03   5.6949914e-03   4.9044430e-03   4.0668216e-03   3.3590405e-03   2.9373861e-03   1.9918346e-03
   9.3733596e-04   5.7082251e-04   4.7720174e-04   5.0180763e-04   9.4233061e-04   3.1764084e-03   6.8733585e-03   7.4068387e-03   7.0845196e-03   6.5085791e-03   5.9061694e-03   5.1187037e-03   4.2112539e-03   3.5075687e-03   3.0444434e-03   2.0912247e-03   9.5856610e-04   5.8035745e-04   4.8654321e-04   5.1853915e-04   1.0285174e-03   3.2751886e-03   7.0606876e-03   7.2829454e-03   6.8680256e-03   6.5778779e-03   5.8316859e-03   5.0442832e-03   4.2059330e-03   3.4968097e-03   3.0747002e-03   2.1008988e-03
   1.0191069e-03   6.3050493e-04   5.2853088e-04   5.5363882e-04   1.0119243e-03   3.3038264e-03   7.0291874e-03   7.5414061e-03   7.2123780e-03   6.6366876e-03   6.0381723e-03   5.2489837e-03   4.3378405e-03   3.6403445e-03   3.1741112e-03   2.1989606e-03   1.0426036e-03   6.3983164e-04   5.3847285e-04   5.7257845e-04   1.1025242e-03   3.4013966e-03   7.2204461e-03   7.4173986e-03   6.9886537e-03   6.7015333e-03   5.9594204e-03   5.1757232e-03   4.3367322e-03   3.6271462e-03   3.2056538e-03   2.2075626e-03
   1.1028415e-03   6.9314123e-04   5.8241668e-04   6.0792188e-04   1.0837293e-03   3.4300166e-03   7.1768033e-03   7.6669115e-03   7.3307336e-03   6.7570684e-03   6.1612728e-03   5.3705308e-03   4.4562654e-03   3.7651783e-03   3.2970613e-03   2.3037866e-03   1.1286901e-03   7.0207143e-04   5.9309594e-04   6.2939993e-04   1.1785481e-03   3.5262227e-03   7.3726174e-03   7.5440038e-03   7.1011823e-03   6.8164617e-03   6.0782483e-03   5.2989725e-03   4.4593153e-03   3.7500061e-03   3.3297452e-03   2.3115797e-03
   1.1880912e-03   7.5851638e-04   6.3860417e-04   6.6439049e-04   1.1573595e-03   3.5545446e-03   7.3167962e-03   7.7841298e-03   7.4398859e-03   6.8700953e-03   6.2760859e-03   5.4836534e-03   4.5669726e-03   3.8820284e-03   3.4130315e-03   2.4054216e-03   1.2163243e-03   7.6683851e-04   6.5020864e-04   6.8877615e-04   1.2562410e-03   3.6493298e-03   7.5173200e-03   7.6628034e-03   7.2061700e-03   6.9236461e-03   6.1882082e-03   5.4143727e-03   4.5738718e-03   3.8654584e-03   3.4466141e-03   2.4127850e-03
   1.2744004e-03   8.2638841e-04   6.9680138e-04   7.2273246e-04   1.2323826e-03   3.6771014e-03   7.4495773e-03   7.8932577e-03   7.5402463e-03   6.9763052e-03   6.3832212e-03   5.5886231e-03   4.6703919e-03   3.9909833e-03   3.5219220e-03   2.5036641e-03   1.3049885e-03   8.3387231e-04   7.0957462e-04   7.5044367e-04   1.3352182e-03   3.7703205e-03   7.6545573e-03   7.7736133e-03   7.3040831e-03   7.0238292e-03   6.2896364e-03   5.5224648e-03   4.6806509e-03   3.9736493e-03   3.5560393e-03   2.5110823e-03
   1.3613143e-03   8.9648965e-04   7.5668721e-04   7.8259713e-04   1.3084151e-03   3.7974715e-03   7.5755353e-03   7.9941420e-03   7.6324542e-03   7.0763761e-03   6.4831819e-03   5.6858134e-03   4.7668991e-03   4.0922182e-03   3.6237651e-03   2.5983867e-03   1.3941642e-03   9.0289573e-04   7.7092738e-04   8.1411677e-04   1.4150362e-03   3.8889008e-03   7.7841799e-03   7.8764854e-03   7.3955202e-03   7.1171296e-03   6.3833187e-03   5.6238391e-03   4.7799511e-03   4.0747854e-03   3.6579294e-03   2.6064315e-03
   1.4483856e-03   9.6852539e-04   8.1792260e-04   8.4360629e-04   1.3851384e-03   3.9149330e-03   7.6950436e-03   8.0870497e-03   7.7174169e-03   7.1706707e-03   6.5766298e-03   5.7757403e-03   4.8568546e-03   4.1859571e-03   3.7186885e-03   2.6895316e-03   1.4833491e-03   9.7362073e-04   8.3397252e-04   8.7948754e-04   1.4950440e-03   4.0046281e-03   7.9064111e-03   7.9719104e-03   7.4811531e-03   7.2031041e-03   6.4701118e-03   5.7189015e-03   4.8721640e-03   4.1691347e-03   3.7523119e-03   2.6988397e-03
   1.5351812e-03   1.0421701e-03   8.8016432e-04   9.0537531e-04   1.4622225e-03   4.0283371e-03   7.8082410e-03   8.1729256e-03   7.7957928e-03   7.2590749e-03   6.6644613e-03   5.8588627e-03   4.9406999e-03   4.2724811e-03   3.8068921e-03   2.7771062e-03   1.5720746e-03   1.0457533e-03   8.9839141e-04   9.4622609e-04   1.5743954e-03   4.1170742e-03   8.0212880e-03   8.0605194e-03   7.5615828e-03   7.2815780e-03   6.5505224e-03   5.8078165e-03   4.9577929e-03   4.2570396e-03   3.8393279e-03   2.7883565e-03
   1.6212891e-03   1.1170639e-03   9.4307890e-04   9.6753562e-04   1.5393504e-03   4.1367578e-03   7.9149258e-03   8.2527585e-03   7.8676302e-03   7.3413866e-03   6.7473223e-03   5.9354968e-03   5.0189742e-03   4.3521697e-03   3.8886371e-03   2.8611809e-03   1.6599209e-03   1.1189966e-03   9.6384770e-04   1.0140048e-03   1.6523881e-03   4.2259553e-03   8.1281541e-03   8.1426334e-03   7.6372252e-03   7.3530761e-03   6.6249671e-03   5.8908142e-03   5.0373984e-03   4.3389165e-03   3.9192217e-03   2.8750709e-03
   1.7063286e-03   1.1928135e-03   1.0063544e-03   1.0297383e-03   1.6162235e-03   4.2397334e-03   8.0148418e-03   8.3270926e-03   7.9327167e-03   7.4173889e-03   6.8252713e-03   6.0059628e-03   5.0922554e-03   4.4255057e-03   3.9642338e-03   2.9418831e-03   1.7465291e-03   1.1930493e-03   1.0299970e-03   1.0825098e-03   1.7287260e-03   4.3309751e-03   8.2269278e-03   8.2185853e-03   7.7085821e-03   7.4182551e-03   6.6939847e-03   5.9683780e-03   5.1115475e-03   4.4152116e-03   3.9923088e-03   2.9591040e-03
   1.7899673e-03   1.2690025e-03   1.0697088e-03   1.0916412e-03   1.6924394e-03   4.3370914e-03   8.1077609e-03   8.3959966e-03   7.9907322e-03   7.4873146e-03   6.8983551e-03   6.0705804e-03   5.1611203e-03   4.4930338e-03   4.0340238e-03   3.0193779e-03   1.8316086e-03   1.2675997e-03   1.0964973e-03   1.1513880e-03   1.8033485e-03   4.4320839e-03   8.3179140e-03   8.2888601e-03   7.7764064e-03   7.4778438e-03   6.7578853e-03   6.0409763e-03   5.1807653e-03   4.4863261e-03   4.0589356e-03   3.0405926e-03
   1.8719402e-03   1.3452046e-03   1.1328944e-03   1.1528952e-03   1.7674856e-03   4.4283741e-03   8.1931006e-03   8.4587862e-03   8.0413600e-03   7.5522788e-03   6.9670416e-03   6.1296019e-03   5.2259929e-03   4.5553314e-03   4.0983465e-03   3.0938346e-03   1.9149395e-03   1.3423201e-03   1.1630175e-03   1.2202072e-03   1.8761670e-03   4.5291813e-03   8.4009065e-03   8.3535721e-03   7.8406065e-03   7.5325320e-03   6.8168403e-03   6.1088425e-03   5.2454823e-03   4.5525619e-03   4.1194680e-03   3.1196725e-03
   1.9520696e-03   1.4209922e-03   1.1956975e-03   1.2131761e-03   1.8408614e-03   4.5129053e-03   8.2707737e-03   8.5142431e-03   8.0850695e-03   7.6131004e-03   7.0318569e-03   6.1833413e-03   5.2870358e-03   4.6129589e-03   4.1575148e-03   3.1653884e-03   1.9963716e-03   1.4168633e-03   1.2292411e-03   1.2885131e-03   1.9469677e-03   4.6212548e-03   8.4762813e-03   8.4122522e-03   7.8997268e-03   7.5831892e-03   6.8715071e-03   6.1721091e-03   5.3060760e-03   4.6141387e-03   4.1743295e-03   3.1964701e-03
   2.0302800e-03   1.4959432e-03   1.2579322e-03   1.2722401e-03   1.9121262e-03   4.5902482e-03   8.3418141e-03   8.5629818e-03   8.1234547e-03   7.6698607e-03   7.0931215e-03   6.2322169e-03   5.3443488e-03   4.6663876e-03   4.2118269e-03   3.2341235e-03   2.0758182e-03   1.4908648e-03   1.2948687e-03   1.3558862e-03   2.0153534e-03   4.7077200e-03   8.5455463e-03   8.4644841e-03   7.9527581e-03   7.6310278e-03   6.9226726e-03   6.2309177e-03   5.3629859e-03   4.6712887e-03   4.2240338e-03   3.2711059e-03
   2.1066058e-03   1.5696594e-03   1.3194332e-03   1.3298732e-03   1.9808090e-03   4.6608189e-03   8.4065252e-03   8.6074623e-03   8.1586867e-03   7.7225300e-03   7.1505147e-03   6.2766926e-03   5.3981084e-03   4.7160234e-03   4.2615977e-03   3.3000919e-03   2.1532442e-03   1.5639517e-03   1.3596212e-03   1.4219402e-03   2.0809888e-03   4.7886152e-03   8.6088696e-03   8.5095305e-03   8.0009591e-03   7.6759455e-03   6.9699370e-03   6.2850987e-03   5.4167729e-03   4.7243093e-03   4.2691069e-03   3.3436947e-03
   2.1811861e-03   1.6417987e-03   1.3800464e-03   1.3858612e-03   2.0465496e-03   4.7261359e-03   8.4649451e-03   8.6483628e-03   8.1917884e-03   7.7707853e-03   7.2032437e-03   6.3171817e-03   5.4485148e-03   4.7622684e-03   4.3071816e-03   3.3633516e-03   2.2286514e-03   1.6357655e-03   1.4232418e-03   1.4863333e-03   2.1437018e-03   4.8627801e-03   8.6661014e-03   8.5473603e-03   8.0460511e-03   7.7167400e-03   7.0131063e-03   6.3346029e-03   5.4678738e-03   4.7735014e-03   4.3099903e-03   3.4143293e-03
   2.2542420e-03   1.7121060e-03   1.4396162e-03   1.4400164e-03   2.1092752e-03   4.7865616e-03   8.5184572e-03   8.6858680e-03   8.2239014e-03   7.8146231e-03   7.2509555e-03   6.3543085e-03   5.4958479e-03   4.8054837e-03   4.3489803e-03   3.4239986e-03   2.3020682e-03   1.7059987e-03   1.4854964e-03   1.5488221e-03   2.2032714e-03   4.9286020e-03   8.7187616e-03   8.5807879e-03   8.0878964e-03   7.7537272e-03   7.0535259e-03   6.3796814e-03   5.5163939e-03   4.8191165e-03   4.3471430e-03   3.4830529e-03
   2.3260301e-03   1.7804223e-03   1.4979830e-03   1.4921758e-03   2.1688553e-03   4.8407124e-03   8.5676917e-03   8.7212502e-03   8.2555822e-03   7.8549917e-03   7.2936273e-03   6.3890852e-03   5.5404853e-03   4.8459831e-03   4.3873936e-03   3.4821884e-03   2.3735522e-03   1.7744328e-03   1.5461703e-03   1.6092497e-03   2.2594251e-03   4.9855160e-03   8.7663246e-03   8.6116965e-03   8.1247622e-03   7.7882915e-03   7.0921234e-03   6.4207908e-03   5.5626502e-03   4.8613017e-03   4.3811827e-03   3.5498513e-03
   2.3967859e-03   1.8466900e-03   1.5550047e-03   1.5422737e-03   2.2247667e-03   4.8872559e-03   8.6103057e-03   8.7547554e-03   8.2858046e-03   7.8925606e-03   7.3311169e-03   6.4219815e-03   5.5824600e-03   4.8843320e-03   4.4227071e-03   3.5381368e-03   2.4432014e-03   1.8409631e-03   1.6050635e-03   1.6674283e-03   2.3118439e-03   5.0341438e-03   8.8067286e-03   8.6389835e-03   8.1572599e-03   7.8203025e-03   7.1290264e-03   6.4588429e-03   5.6073529e-03   4.9001086e-03   4.4127919e-03   3.6147034e-03
   2.4666864e-03   1.9109723e-03   1.6105819e-03   1.5903824e-03   2.2764610e-03   4.9243132e-03   8.6452764e-03   8.7865934e-03   8.3128399e-03   7.9272636e-03   7.3634365e-03   6.4529648e-03   5.6213222e-03   4.9213184e-03   4.4550872e-03   3.5920784e-03   2.5111640e-03   1.9056072e-03   1.6620034e-03   1.7230786e-03   2.3603414e-03   5.0747510e-03   8.8410212e-03   8.6624559e-03   8.1885877e-03   7.8494317e-03   7.1660635e-03   6.4950232e-03   5.6507151e-03   4.9357325e-03   4.4424887e-03   3.6776444e-03
   2.5358535e-03   1.9734637e-03   1.6646765e-03   1.6366478e-03   2.3240889e-03   4.9509685e-03   8.6735745e-03   8.8142770e-03   8.3350416e-03   7.9609613e-03   7.3915471e-03   6.4823923e-03   5.6571765e-03   4.9573885e-03   4.4847646e-03   3.6442269e-03   2.5776302e-03   1.9685014e-03   1.7168961e-03   1.7759170e-03   2.4051092e-03   5.1066675e-03   8.8706980e-03   8.6809298e-03   8.2198305e-03   7.8773765e-03   7.2045971e-03   6.5310169e-03   5.6924220e-03   4.9689328e-03   4.4704528e-03   3.7387517e-03
   2.6043762e-03   2.0344626e-03   1.7173301e-03   1.6812043e-03   2.3678272e-03   4.9682896e-03   8.6950877e-03   8.8374071e-03   8.3539141e-03   7.9943718e-03   7.4162586e-03   6.5099198e-03   5.6910269e-03   4.9925710e-03   4.5121687e-03   3.6947407e-03   2.6428085e-03   2.0298738e-03   1.7697831e-03   1.8257955e-03   2.4458299e-03   5.1311125e-03   8.8978533e-03   8.6939512e-03   8.2475216e-03   7.9043562e-03   7.2411931e-03   6.5676027e-03   5.7322981e-03   5.0009236e-03   4.4966328e-03   3.7980586e-03
   2.6723157e-03   2.0943140e-03   1.7686640e-03   1.7241210e-03   2.4070678e-03   4.9760996e-03   8.7050435e-03   8.8598043e-03   8.3732103e-03   8.0245398e-03   7.4376326e-03   6.5351739e-03   5.7241171e-03   5.0267405e-03   4.5378153e-03   3.7437443e-03   2.7068999e-03   2.0899821e-03   1.8208520e-03   1.8726451e-03   2.4821468e-03   5.1484467e-03   8.9202276e-03   8.7080884e-03   8.2707369e-03   7.9279729e-03   7.2722964e-03   6.6031531e-03   5.7701101e-03   5.0323827e-03   4.5211043e-03   3.8555357e-03
   2.7397140e-03   2.1533550e-03   1.8188553e-03   1.7654231e-03   2.4414132e-03   4.9768257e-03   8.7007873e-03   8.8812576e-03   8.3933168e-03   8.0518937e-03   7.4559548e-03   6.5586768e-03   5.7570445e-03   5.0594136e-03   4.5619788e-03   3.7913954e-03   2.7700881e-03   2.1490464e-03   1.8703804e-03   1.9164673e-03   2.5136626e-03   5.1566689e-03   8.9323853e-03   8.7313906e-03   8.2922996e-03   7.9451159e-03   7.2995258e-03   6.6370164e-03   5.8059685e-03   5.0629521e-03   4.5442262e-03   3.9111363e-03
   2.8066514e-03   2.2118982e-03   1.8681397e-03   1.8051300e-03   2.4714477e-03   4.9737013e-03   8.6879421e-03   8.9020665e-03   8.4137028e-03   8.0774959e-03   7.4701458e-03   6.5803368e-03   5.7895105e-03   5.0894365e-03   4.5845780e-03   3.8379648e-03   2.8325529e-03   2.2072301e-03   1.9186602e-03   1.9574905e-03   2.5403984e-03   5.1562076e-03   8.9327467e-03   8.7633195e-03   8.3132423e-03   7.9552366e-03   7.3262371e-03   6.6700251e-03   5.8401803e-03   5.0917092e-03   4.5665182e-03   3.9647872e-03
   2.8733314e-03   2.2702438e-03   1.9167924e-03   1.8433024e-03   2.4976164e-03   4.9668597e-03   8.6696963e-03   8.9235883e-03   8.4363530e-03   8.0993382e-03   7.4798873e-03   6.6002394e-03   5.8218529e-03   5.1157815e-03   4.6056633e-03   3.8838411e-03   2.8944957e-03   2.2646815e-03   1.9659971e-03   1.9962055e-03   2.5622987e-03   5.1459715e-03   8.9225403e-03   8.8000316e-03   8.3336493e-03   7.9618407e-03   7.3526082e-03   6.7029635e-03   5.8727567e-03   5.1176908e-03   4.5887091e-03   4.0164146e-03
   2.9401148e-03   2.3286829e-03   1.9650784e-03   1.8800717e-03   2.5195809e-03   4.9543470e-03   8.6481117e-03   8.9457547e-03   8.4608618e-03   8.1173048e-03   7.4863944e-03   6.6187004e-03   5.8542486e-03   5.1388044e-03   4.6254614e-03   3.9293456e-03   2.9561561e-03   2.3216053e-03   2.0127583e-03   2.0331504e-03   2.5794877e-03   5.1236466e-03   8.9020517e-03   8.8336367e-03   8.3524031e-03   7.9693217e-03   7.3773068e-03   6.7368316e-03   5.9039305e-03   5.1401082e-03   4.6116870e-03   4.0661067e-03
   3.0074728e-03   2.3875286e-03   2.0132261e-03   1.9156120e-03   2.5374237e-03   4.9367479e-03   8.6193585e-03   8.9638769e-03   8.4862203e-03   8.1318387e-03   7.4929813e-03   6.6377193e-03   5.8857612e-03   5.1600416e-03   4.6438572e-03   3.9746013e-03   3.0177987e-03   2.3783336e-03   2.0593619e-03   2.0687610e-03   2.5928666e-03   5.0911147e-03   8.8732966e-03   8.8562868e-03   8.3690802e-03   7.9774527e-03   7.3994030e-03   6.7701760e-03   5.9336199e-03   5.1593463e-03   4.6357899e-03   4.1141877e-03
   3.0758746e-03   2.4471665e-03   2.0614034e-03   1.9501480e-03   2.5528458e-03   4.9140486e-03   8.5832080e-03   8.9736476e-03   8.5073018e-03   8.1414592e-03   7.5009554e-03   6.6574895e-03   5.9165687e-03   5.1806808e-03   4.6601066e-03   4.0196282e-03   3.0796773e-03   2.4353643e-03   2.1062474e-03   2.1033685e-03   2.6033554e-03   5.0527033e-03   8.8433560e-03   8.8710952e-03   8.3808319e-03   7.9870226e-03   7.4182911e-03   6.7985530e-03   5.9618485e-03   5.1767108e-03   4.6604040e-03   4.1610624e-03
   3.1456556e-03   2.5080021e-03   2.1098188e-03   1.9838887e-03   2.5671050e-03   4.8838205e-03   8.5384589e-03   8.9802294e-03   8.5231913e-03   8.1486272e-03   7.5089730e-03   6.6777130e-03   5.9470671e-03   5.2014783e-03   4.6737209e-03   4.0646180e-03   3.1420043e-03   2.4933461e-03   2.1538712e-03   2.1374252e-03   2.6109647e-03   5.0057954e-03   8.8137397e-03   8.8790174e-03   8.3880534e-03   8.0025575e-03   7.4360282e-03   6.8213443e-03   5.9887568e-03   5.1925715e-03   4.6844974e-03   4.2070168e-03
   3.2169574e-03   2.5703272e-03   2.1589300e-03   2.0170661e-03   2.5790289e-03   4.8440718e-03   8.4935485e-03   8.9865632e-03   8.5340154e-03   8.1546793e-03   7.5175559e-03   6.7010152e-03   5.9781778e-03   5.2232245e-03   4.6846050e-03   4.1098236e-03   3.2049227e-03   2.5530336e-03   2.2027593e-03   2.1716195e-03   2.6161076e-03   4.9489720e-03   8.7761991e-03   8.8796613e-03   8.3904707e-03   8.0143594e-03   7.4539547e-03   6.8401808e-03   6.0117976e-03   5.2068691e-03   4.7078479e-03   4.2519451e-03
   3.2897784e-03   2.6342171e-03   2.2091941e-03   2.0500865e-03   2.5879405e-03   4.7942831e-03   8.4492217e-03   8.9894530e-03   8.5366167e-03   8.1566341e-03   7.5278336e-03   6.7268519e-03   6.0103096e-03   5.2451111e-03   4.6925392e-03   4.1551719e-03   3.2685333e-03   2.6152084e-03   2.2535763e-03   2.2064984e-03   2.6200320e-03   4.8859321e-03   8.7276147e-03   8.8761757e-03   8.3871381e-03   8.0202703e-03   7.4734486e-03   6.8543531e-03   6.0283547e-03   5.2208124e-03   4.7308396e-03   4.2954702e-03
   3.3640318e-03   2.6994692e-03   2.2608471e-03   2.0836097e-03   2.5941605e-03   4.7360979e-03   8.4017308e-03   8.9920469e-03   8.5338492e-03   8.1507529e-03   7.5393520e-03   6.7508302e-03   6.0431590e-03   5.2660038e-03   4.6977397e-03   4.2004616e-03   3.3329805e-03   2.6805217e-03   2.3071465e-03   2.2423703e-03   2.6237549e-03   4.8166515e-03   8.6709521e-03   8.8694469e-03   8.3836643e-03   8.0252394e-03   7.4946008e-03   6.8648855e-03   6.0383892e-03   5.2355143e-03   4.7528299e-03   4.3375879e-03
   3.4394565e-03   2.7656966e-03   2.3139895e-03   2.1185480e-03   2.5985639e-03   4.6684155e-03   8.3482733e-03   8.9905523e-03   8.5256913e-03   8.1412281e-03   7.5564882e-03   6.7708559e-03   6.0758153e-03   5.2876398e-03   4.7001468e-03   4.2457726e-03   3.3984947e-03   2.7492265e-03   2.3642291e-03   2.2795522e-03   2.6278472e-03   4.7362615e-03   8.6064240e-03   8.8571452e-03   8.3767441e-03   8.0252023e-03   7.5114127e-03   6.8728403e-03   6.0473481e-03   5.2513409e-03   4.7730902e-03   4.3785025e-03
   3.5156470e-03   2.8325421e-03   2.3688255e-03   2.1558978e-03   2.6019650e-03   4.5935395e-03   8.2784745e-03   8.9801077e-03   8.5210516e-03   8.1304963e-03   7.5828408e-03   6.7878057e-03   6.1066319e-03   5.3116905e-03   4.6993760e-03   4.2911461e-03   3.4652733e-03   2.8209434e-03   2.4250463e-03   2.3182674e-03   2.6314744e-03   4.6477870e-03   8.5263928e-03   8.8405165e-03   8.3571721e-03   8.0142845e-03   7.5199057e-03   6.8821155e-03   6.0613242e-03   5.2679196e-03   4.7913399e-03   4.4179123e-03
   3.5922832e-03   2.8997420e-03   2.4257156e-03   2.1960976e-03   2.6039081e-03   4.5105514e-03   8.1926281e-03   8.9651933e-03   8.5193547e-03   8.1228853e-03   7.6131046e-03   6.8039310e-03   6.1362724e-03   5.3375122e-03   4.6963865e-03   4.3360994e-03   3.5331790e-03   2.8948481e-03   2.4891107e-03   2.3583867e-03   2.6341614e-03   4.5563004e-03   8.4308287e-03   8.8207080e-03   8.3363966e-03   8.0002432e-03   7.5188604e-03   6.8946214e-03   6.0772715e-03   5.2840452e-03   4.8083535e-03   4.4550370e-03
   3.6690473e-03   2.9671228e-03   2.4849410e-03   2.2391235e-03   2.6047057e-03   4.4157488e-03   8.0914245e-03   8.9436312e-03   8.5073388e-03   8.1267749e-03   7.6429378e-03   6.8209370e-03   6.1663075e-03   5.3650287e-03   4.6946248e-03   4.3800306e-03   3.6015992e-03   2.9702512e-03   2.5557024e-03   2.3997608e-03   2.6377325e-03   4.4642482e-03   8.3150187e-03   8.7949141e-03   8.3153680e-03   7.9949410e-03   7.5080774e-03   6.9108734e-03   6.0921815e-03   5.3004330e-03   4.8247745e-03   4.4899256e-03
   3.7456302e-03   3.0346149e-03   2.5463483e-03   2.2849955e-03   2.6035810e-03   4.3155107e-03   7.9742286e-03   8.9189529e-03   8.4943162e-03   8.1304236e-03   7.6675121e-03   6.8388057e-03   6.1942289e-03   5.3929980e-03   4.6966130e-03   4.4225914e-03   3.6697989e-03   3.0469732e-03   2.6245378e-03   2.4426907e-03   2.6440596e-03   4.3722237e-03   8.1853657e-03   8.7589857e-03   8.2842378e-03   7.9915816e-03   7.5011902e-03   6.9277195e-03   6.1071353e-03   5.3189503e-03   4.8415455e-03   4.5239578e-03
   3.8216666e-03   3.1023105e-03   2.6093233e-03   2.3340051e-03   2.6020584e-03   4.2138013e-03   7.8446339e-03   8.8937637e-03   8.4913602e-03   8.1316817e-03   7.6789081e-03   6.8531677e-03   6.2203182e-03   5.4203388e-03   4.7041947e-03   4.4636082e-03   3.7375657e-03   3.1252459e-03   2.6957094e-03   2.4880398e-03   2.6538728e-03   4.2758540e-03   8.0528610e-03   8.7247142e-03   8.2463825e-03   7.9938287e-03   7.5040997e-03   6.9425468e-03   6.1224351e-03   5.3399257e-03   4.8584573e-03   4.5587975e-03
   3.8964686e-03   3.1708032e-03   2.6736588e-03   2.3864444e-03   2.6043549e-03   4.1100166e-03   7.7052988e-03   8.8705210e-03   8.4947995e-03   8.1359169e-03   7.6823715e-03   6.8606593e-03   6.2485707e-03   5.4475325e-03   4.7186529e-03   4.5035291e-03   3.8055038e-03   3.2052812e-03   2.7691041e-03   2.5370207e-03   2.6680853e-03   4.1735301e-03   7.9111780e-03   8.6969911e-03   8.2219493e-03   7.9979097e-03   7.5140528e-03   6.9584303e-03   6.1388109e-03   5.3636370e-03   4.8732995e-03   4.5957888e-03
   3.9698727e-03   3.2412348e-03   2.7402597e-03   2.4426422e-03   2.6134096e-03   4.0069011e-03   7.5639126e-03   8.8459864e-03   8.4829578e-03   8.1372816e-03   7.6882098e-03   6.8593163e-03   6.2808934e-03   5.4734506e-03   4.7387331e-03   4.5430064e-03   3.8738503e-03   3.2867650e-03   2.8444909e-03   2.5904427e-03   2.6864230e-03   4.0747126e-03   7.7636562e-03   8.6670969e-03   8.2147837e-03   7.9964447e-03   7.5199697e-03   6.9794545e-03   6.1601160e-03   5.3902000e-03   4.8864104e-03   4.6353435e-03
   4.0426187e-03   3.3146362e-03   2.8103304e-03   2.5029015e-03   2.6297778e-03   3.9065566e-03   7.4077153e-03   8.8072166e-03   8.4568655e-03   8.1237776e-03   7.6903695e-03   6.8553865e-03   6.3098986e-03   5.4995107e-03   4.7624811e-03   4.5817848e-03   3.9419030e-03   3.3690230e-03   2.9219319e-03   2.6485818e-03   2.7072021e-03   3.9832940e-03   7.5971834e-03   8.6296579e-03   8.2215791e-03   7.9968725e-03   7.5186061e-03   6.9949406e-03   6.1834884e-03   5.4188056e-03   4.9007307e-03   4.6766293e-03
   4.1151730e-03   3.3915394e-03   2.8840959e-03   2.5673942e-03   2.6516926e-03   3.8082146e-03   7.2328111e-03   8.7572930e-03   8.4342563e-03   8.0915300e-03   7.6848578e-03   6.8598724e-03   6.3298750e-03   5.5273862e-03   4.7888655e-03   4.6190696e-03   4.0088846e-03   3.4517321e-03   3.0014971e-03   2.7107375e-03   2.7287254e-03   3.8937086e-03   7.4225097e-03   8.5811729e-03   8.2118936e-03   7.9930343e-03   7.5163870e-03   7.0017041e-03   6.2018222e-03   5.4445622e-03   4.9182490e-03   4.7185142e-03
   4.1870600e-03   3.4722762e-03   2.9608242e-03   2.6361294e-03   2.6776708e-03   3.7149683e-03   7.0543820e-03   8.7042983e-03   8.4042228e-03   8.0524101e-03   7.6795680e-03   6.8641514e-03   6.3412126e-03   5.5571759e-03   4.8147830e-03   4.6540968e-03   4.0741203e-03   3.5346004e-03   3.0827777e-03   2.7756718e-03   2.7514485e-03   3.8020828e-03   7.2570323e-03   8.5369676e-03   8.1898457e-03   7.9885825e-03   7.5136935e-03   7.0058987e-03   6.2125982e-03   5.4706241e-03   4.9386694e-03   4.7582109e-03
   4.2579767e-03   3.5573897e-03   3.0399762e-03   2.7085972e-03   2.7075793e-03   3.6288195e-03   6.8755230e-03   8.6475959e-03   8.3781472e-03   8.0252524e-03   7.6786369e-03   6.8637806e-03   6.3452169e-03   5.5862469e-03   4.8378275e-03   4.6871355e-03   4.1374143e-03   3.6168710e-03   3.1654223e-03   2.8424001e-03   2.7769019e-03   3.7079481e-03   7.0807257e-03   8.4864637e-03   8.1732033e-03   8.0008368e-03   7.5139827e-03   7.0106576e-03   6.2219549e-03   5.5014848e-03   4.9604814e-03   4.7929897e-03
   4.3289033e-03   3.6469434e-03   3.1219632e-03   2.7839958e-03   2.7435435e-03   3.5488060e-03   6.6879871e-03   8.5808110e-03   8.3508807e-03   8.0107136e-03   7.6834132e-03   6.8713805e-03   6.3490203e-03   5.6123271e-03   4.8627311e-03   4.7188269e-03   4.1990749e-03   3.6977682e-03   3.2497170e-03   2.9109610e-03   2.8051893e-03   3.6171628e-03   6.8906427e-03   8.4283725e-03   8.1586561e-03   8.0022415e-03   7.5089948e-03   7.0103610e-03   6.2347210e-03   5.5319754e-03   4.9856223e-03   4.8231724e-03
   4.3999995e-03   3.7398312e-03   3.2075780e-03   2.8616775e-03   2.7854651e-03   3.4748084e-03   6.4923058e-03   8.4986489e-03   8.3149901e-03   7.9959277e-03   7.6775913e-03   6.8941167e-03   6.3493327e-03   5.6362568e-03   4.8913281e-03   4.7501161e-03   4.2589159e-03   3.7761537e-03   3.3360594e-03   2.9826900e-03   2.8356627e-03   3.5310991e-03   6.6959438e-03   8.3629857e-03   8.1465557e-03   7.9940235e-03   7.4910520e-03   7.0043682e-03   6.2434956e-03   5.5582734e-03   5.0163221e-03   4.8497181e-03
   4.4698710e-03   3.8345291e-03   3.2970593e-03   2.9413579e-03   2.8332203e-03   3.4110144e-03   6.2991599e-03   8.3964334e-03   8.2631374e-03   7.9819140e-03   7.6596646e-03   6.9136809e-03   6.3409014e-03   5.6653589e-03   4.9196021e-03   4.7803373e-03   4.3156317e-03   3.8520646e-03   3.4240620e-03   3.0590231e-03   2.8698642e-03   3.4502755e-03   6.5001947e-03   8.2886321e-03   8.1418577e-03   7.9798520e-03   7.4677701e-03   6.9923707e-03   6.2490806e-03   5.5797588e-03   5.0516814e-03   4.8742949e-03
   4.5372211e-03   3.9298409e-03   3.3892816e-03   3.0228058e-03   2.8881617e-03   3.3550348e-03   6.1020412e-03   8.2746734e-03   8.2065493e-03   7.9682603e-03   7.6450388e-03   6.9222341e-03   6.3285377e-03   5.6943095e-03   4.9478463e-03   4.8080133e-03   4.3683957e-03   3.9282716e-03   3.5129937e-03   3.1403367e-03   2.9104050e-03   3.3806032e-03   6.2863144e-03   8.2054750e-03   8.1220748e-03   7.9503005e-03   7.4411521e-03   6.9845710e-03   6.2557172e-03   5.6035173e-03   5.0910919e-03   4.8965992e-03
   4.6024291e-03   4.0264560e-03   3.4819114e-03   3.1059736e-03   2.9495155e-03   3.3030679e-03   5.8852347e-03   8.1415743e-03   8.1420790e-03   7.9636550e-03   7.6131520e-03   6.9240220e-03   6.3262882e-03   5.7205153e-03   4.9731928e-03   4.8341353e-03   4.4185132e-03   4.0068385e-03   3.6032492e-03   3.2258930e-03   2.9578895e-03   3.3260016e-03   6.0455902e-03   8.1020921e-03   8.0922509e-03   7.9233473e-03   7.4266839e-03   6.9817053e-03   6.2555519e-03   5.6297446e-03   5.1361738e-03   4.9155721e-03
   4.6680517e-03   4.1270074e-03   3.5739561e-03   3.1921271e-03   3.0161128e-03   3.2621052e-03   5.6650055e-03   8.0084565e-03   8.0679613e-03   7.9720743e-03   7.5591883e-03   6.9226997e-03   6.3339864e-03   5.7464890e-03   4.9940365e-03   4.8581161e-03   4.4702295e-03   4.0885303e-03   3.6961389e-03   3.3145862e-03   3.0122196e-03   3.2831715e-03   5.8012445e-03   7.9813448e-03   8.0687537e-03   7.9016044e-03   7.4168352e-03   6.9713774e-03   6.2603925e-03   5.6541617e-03   5.1799185e-03   4.9324631e-03
   4.7343073e-03   4.2285501e-03   3.6671016e-03   3.2830284e-03   3.0868388e-03   3.2338882e-03   5.4497834e-03   7.8651133e-03   8.0035584e-03   7.9841922e-03   7.5103381e-03   6.9232550e-03   6.3447055e-03   5.7661049e-03   5.0196050e-03   4.8801533e-03   4.5290520e-03   4.1754531e-03   3.7931597e-03   3.4062133e-03   3.0734684e-03   3.2480579e-03   5.5636792e-03   7.8367502e-03   8.0501054e-03   7.8833430e-03   7.4215748e-03   6.9649919e-03   6.2746210e-03   5.6777484e-03   5.2170523e-03   4.9496822e-03
   4.7975991e-03   4.3244085e-03   3.7625198e-03   3.3789490e-03   3.1605437e-03   3.2160181e-03   5.2319029e-03   7.6962196e-03   7.9587409e-03   7.9963110e-03   7.4862374e-03   6.9132429e-03   6.3457744e-03   5.7809914e-03   5.0536593e-03   4.8998562e-03   4.5958151e-03   4.2700910e-03   3.8945445e-03   3.5016127e-03   3.1415253e-03   3.2203204e-03   5.3328284e-03   7.6691915e-03   8.0273181e-03   7.8520499e-03   7.4351915e-03   6.9622974e-03   6.2944659e-03   5.7021453e-03   5.2556585e-03   4.9674486e-03
   4.8535876e-03   4.4129817e-03   3.8596532e-03   3.4787389e-03   3.2374549e-03   3.2127495e-03   5.0275738e-03   7.5033802e-03   7.8890083e-03   7.9852982e-03   7.4675031e-03   6.8968675e-03   6.3472752e-03   5.7959160e-03   5.0942922e-03   4.9210957e-03   4.6669445e-03   4.3715016e-03   3.9986221e-03   3.6011248e-03   3.2156923e-03   3.2031981e-03   5.1117267e-03   7.5140254e-03   7.9757229e-03   7.8208739e-03   7.4346090e-03   6.9466956e-03   6.3041189e-03   5.7235281e-03   5.2987687e-03   4.9898244e-03
   4.9003487e-03   4.4975727e-03   3.9589165e-03   3.5796247e-03   3.3197132e-03   3.2286789e-03   4.8387657e-03   7.2974458e-03   7.7924624e-03   7.9456220e-03   7.4260605e-03   6.8886836e-03   6.3470713e-03   5.8090208e-03   5.1379074e-03   4.9452459e-03   4.7424035e-03   4.4754872e-03   4.1042893e-03   3.7049483e-03   3.2951526e-03   3.1986241e-03   4.8955016e-03   7.3569308e-03   7.9059552e-03   7.7911575e-03   7.4165332e-03   6.9422204e-03   6.3134830e-03   5.7443064e-03   5.3392964e-03   5.0157333e-03
   4.9471672e-03   4.5830956e-03   4.0590002e-03   3.6777944e-03   3.4098723e-03   3.2615755e-03   4.6642682e-03   7.0867460e-03   7.7092678e-03   7.8902093e-03   7.4020498e-03   6.8896387e-03   6.3351507e-03   5.8173228e-03   5.1785753e-03   4.9684348e-03   4.8193909e-03   4.5770515e-03   4.2102207e-03   3.8129488e-03   3.3796072e-03   3.2106576e-03   4.6881277e-03   7.1720396e-03   7.8247588e-03   7.7547972e-03   7.3869032e-03   6.9373150e-03   6.3235589e-03   5.7728289e-03   5.3798740e-03   5.0421171e-03
   5.0008399e-03   4.6730463e-03   4.1596418e-03   3.7740275e-03   3.5083354e-03   3.3090978e-03   4.5073005e-03   6.8729291e-03   7.6471544e-03   7.8342107e-03   7.3764149e-03   6.8936266e-03   6.3374532e-03   5.8298314e-03   5.2159410e-03   4.9927108e-03   4.8874651e-03   4.6738065e-03   4.3145115e-03   3.9239052e-03   3.4687297e-03   3.2384970e-03   4.4940744e-03   6.9720012e-03   7.7369587e-03   7.7289491e-03   7.3598171e-03   6.9207426e-03   6.3307695e-03   5.8174569e-03   5.4213341e-03   5.0699943e-03
   5.0591031e-03   4.7655526e-03   4.2611089e-03   3.8745168e-03   3.6141732e-03   3.3694305e-03   4.3578436e-03   6.6459645e-03   7.5844389e-03   7.7793874e-03   7.3518427e-03   6.8892565e-03   6.3419598e-03   5.8324339e-03   5.2530700e-03   5.0179270e-03   4.9445944e-03   4.7620608e-03   4.4205285e-03   4.0348750e-03   3.5645013e-03   3.2770856e-03   4.3057060e-03   6.7671546e-03   7.6514011e-03   7.6723668e-03   7.3280210e-03   6.9099532e-03   6.3483297e-03   5.8714822e-03   5.4547417e-03   5.1046579e-03
   5.1189336e-03   4.8543669e-03   4.3642825e-03   3.9834910e-03   3.7259117e-03   3.4400790e-03   4.2103422e-03   6.4062445e-03   7.4777675e-03   7.7308548e-03   7.3165723e-03   6.8716032e-03   6.3337111e-03   5.8416935e-03   5.2831186e-03   5.0380066e-03   4.9991522e-03   4.8403400e-03   4.5322743e-03   4.1402117e-03   3.6701313e-03   3.3275383e-03   4.1363412e-03   6.5289530e-03   7.5617189e-03   7.5926636e-03   7.2916828e-03   6.8942475e-03   6.3759098e-03   5.9194246e-03   5.4915763e-03   5.1432304e-03
   5.1788518e-03   4.9397596e-03   4.4727750e-03   4.0977159e-03   3.8413298e-03   3.5199519e-03   4.0753627e-03   6.1572862e-03   7.3484270e-03   7.6480246e-03   7.2915717e-03   6.8256407e-03   6.3198266e-03   5.8796012e-03   5.3165069e-03   5.0575689e-03   5.0509049e-03   4.9170813e-03   4.6434102e-03   4.2371899e-03   3.7851918e-03   3.3904655e-03   4.0048623e-03   6.2741538e-03   7.4478492e-03   7.5170169e-03   7.2526422e-03   6.8796049e-03   6.3912403e-03   5.9507179e-03   5.5393957e-03   5.1752941e-03
   5.2379799e-03   5.0297701e-03   4.5809777e-03   4.2138592e-03   3.9576774e-03   3.6131365e-03   3.9580007e-03   5.8931473e-03   7.2041415e-03   7.5416955e-03   7.2543707e-03   6.7797831e-03   6.3020771e-03   5.9164620e-03   5.3572662e-03   5.0720950e-03   5.1008419e-03   4.9919067e-03   4.7511689e-03   4.3309715e-03   3.9043770e-03   3.4608738e-03   3.8928335e-03   6.0209915e-03   7.3142976e-03   7.4375469e-03   7.2045311e-03   6.8565886e-03   6.3799632e-03   5.9868620e-03   5.5808581e-03   5.2041009e-03
   5.3058526e-03   5.1245260e-03   4.6815745e-03   4.3314377e-03   4.0754631e-03   3.7196215e-03   3.8568019e-03   5.6183638e-03   7.0536980e-03   7.4486867e-03   7.1804389e-03   6.7401356e-03   6.3154618e-03   5.9346373e-03   5.4085264e-03   5.0812078e-03   5.1459215e-03   5.0640302e-03   4.8611014e-03   4.4257811e-03   4.0232346e-03   3.5362492e-03   3.7799505e-03   5.7543116e-03   7.1805107e-03   7.3457913e-03   7.1450823e-03   6.8396571e-03   6.3736297e-03   6.0390533e-03   5.6215034e-03   5.2395621e-03
   5.3792499e-03   5.2175575e-03   4.7760961e-03   4.4515129e-03   4.1985640e-03   3.8299198e-03   3.7772206e-03   5.3276303e-03   6.9243275e-03   7.3425050e-03   7.1122486e-03   6.6955635e-03   6.3338499e-03   5.9605014e-03   5.4735108e-03   5.0969899e-03   5.1846796e-03   5.1454879e-03   4.9746490e-03   4.5220445e-03   4.1425346e-03   3.6209715e-03   3.6773636e-03   5.4662325e-03   7.0339813e-03   7.2580555e-03   7.0948481e-03   6.8278469e-03   6.3683932e-03   6.0891322e-03   5.6712999e-03   5.2819259e-03
   5.4432779e-03   5.3128861e-03   4.8678927e-03   4.5759003e-03   4.3251198e-03   3.9373858e-03   3.7167264e-03   5.0304340e-03   6.7611653e-03   7.2194694e-03   7.0513483e-03   6.6415935e-03   6.3508993e-03   5.9890430e-03   5.5429633e-03   5.1223940e-03   5.2223102e-03   5.2353574e-03   5.0942515e-03   4.6222042e-03   4.2633252e-03   3.7160276e-03   3.6002738e-03   5.1802911e-03   6.8322603e-03   7.1880758e-03   7.0553639e-03   6.8166567e-03   6.3266470e-03   6.1337049e-03   5.7122265e-03   5.3296346e-03
   5.4977857e-03   5.4085799e-03   4.9606440e-03   4.7026335e-03   4.4470613e-03   4.0407300e-03   3.6747696e-03   4.7605499e-03   6.5668022e-03   7.1050452e-03   6.9956432e-03   6.5665459e-03   6.3767377e-03   6.0111664e-03   5.6017217e-03   5.1473524e-03   5.2566031e-03   5.3220390e-03   5.2180545e-03   4.7253461e-03   4.3823112e-03   3.8155536e-03   3.5536461e-03   4.9176625e-03   6.5844412e-03   7.0924519e-03   7.0037819e-03   6.8012461e-03   6.2989031e-03   6.1682030e-03   5.7347230e-03   5.3835618e-03
   5.5407296e-03   5.4895475e-03   5.0579491e-03   4.8287228e-03   4.5610294e-03   4.1438941e-03   3.6573988e-03   4.5109005e-03   6.3568531e-03   6.9759153e-03   6.9327578e-03   6.5024664e-03   6.3884166e-03   6.0390045e-03   5.6493150e-03   5.1698339e-03   5.2912014e-03   5.4027453e-03   5.3349315e-03   4.8284847e-03   4.4986960e-03   3.9160391e-03   3.5406533e-03   4.6705800e-03   6.3506131e-03   6.9811425e-03   6.9614136e-03   6.7741418e-03   6.3170085e-03   6.1945931e-03   5.7522224e-03   5.4506192e-03
   5.5693630e-03   5.5595444e-03   5.1673230e-03   4.9528872e-03   4.6724457e-03   4.2517837e-03   3.6641766e-03   4.2820863e-03   6.1350939e-03   6.8247661e-03   6.8715472e-03   6.4729213e-03   6.3888749e-03   6.0726115e-03   5.6735962e-03   5.1876049e-03   5.3255906e-03   5.4836311e-03   5.4458259e-03   4.9337601e-03   4.6161729e-03   4.0194546e-03   3.5565919e-03   4.4507306e-03   6.1079750e-03   6.8622257e-03   6.8989187e-03   6.7383689e-03   6.3298988e-03   6.2079116e-03   5.7939921e-03   5.5003958e-03
   5.6071402e-03   5.6323442e-03   5.2832206e-03   5.0770645e-03   4.7911056e-03   4.3590960e-03   3.6914933e-03   4.0893352e-03   5.9029042e-03   6.6685042e-03   6.8221532e-03   6.4550828e-03   6.4064604e-03   6.1105485e-03   5.6931821e-03   5.2120698e-03   5.3601381e-03   5.5561957e-03   5.5532136e-03   5.0388927e-03   4.7354631e-03   4.1276054e-03   3.5893953e-03   4.2631898e-03   5.8695597e-03   6.7182697e-03   6.8035399e-03   6.6993229e-03   6.3303891e-03   6.2007292e-03   5.8391067e-03   5.5295731e-03
   5.6505613e-03   5.7097364e-03   5.3954114e-03   5.2022393e-03   4.9272371e-03   4.4594275e-03   3.7313792e-03   3.9231989e-03   5.6546807e-03   6.4899699e-03   6.7674589e-03   6.4394794e-03   6.4184656e-03   6.1258472e-03   5.7107211e-03   5.2435822e-03   5.3977342e-03   5.6189428e-03   5.6582618e-03   5.1402262e-03   4.8529715e-03   4.2389566e-03   3.6293166e-03   4.0924116e-03   5.6321903e-03   6.5375309e-03   6.6933718e-03   6.6660919e-03   6.3321904e-03   6.2132456e-03   5.8808958e-03   5.5633480e-03
   5.6875980e-03   5.7910198e-03   5.5048149e-03   5.3286445e-03   5.0807808e-03   4.5548395e-03   3.7780237e-03   3.7858109e-03   5.3997743e-03   6.2984462e-03   6.6887800e-03   6.4159331e-03   6.4443446e-03   6.1592678e-03   5.7162052e-03   5.2661880e-03   5.4340842e-03   5.6798444e-03   5.7644404e-03   5.2418530e-03   4.9705999e-03   4.3459973e-03   3.6735658e-03   3.9384811e-03   5.3708948e-03   6.3495544e-03   6.5814178e-03   6.6218894e-03   6.3544581e-03   6.2088332e-03   5.9417445e-03   5.6038118e-03
   5.7348132e-03   5.8653113e-03   5.6163859e-03   5.4560922e-03   5.2382570e-03   4.6467230e-03   3.8307626e-03   3.6776469e-03   5.1340448e-03   6.1015276e-03   6.5740322e-03   6.3771521e-03   6.4729566e-03   6.1972068e-03   5.7280241e-03   5.2794303e-03   5.4725713e-03   5.7484450e-03   5.8746042e-03   5.3430184e-03   5.0932989e-03   4.4454461e-03   3.7245950e-03   3.8105425e-03   5.0964622e-03   6.1516197e-03   6.4650408e-03   6.5516572e-03   6.3885574e-03   6.1963104e-03   6.0056213e-03   5.6515441e-03
   5.7892922e-03   5.9302005e-03   5.7345062e-03   5.5785677e-03   5.3858165e-03   4.7356407e-03   3.8921685e-03   3.5954563e-03   4.8641724e-03   5.8939242e-03   6.4462767e-03   6.3313452e-03   6.4959726e-03   6.2311497e-03   5.7523569e-03   5.2910431e-03   5.5110479e-03   5.8282749e-03   5.9861301e-03   5.4448501e-03   5.2146846e-03   4.5388035e-03   3.7827768e-03   3.7105355e-03   4.8300629e-03   5.9351932e-03   6.3479058e-03   6.4805577e-03   6.3990408e-03   6.1925386e-03   6.0501665e-03   5.6894237e-03
   5.8208807e-03   5.9928704e-03   5.8585120e-03   5.6906435e-03   5.5211031e-03   4.8261825e-03   3.9694529e-03   3.5492864e-03   4.6067819e-03   5.6911351e-03   6.3227057e-03   6.2604722e-03   6.5024796e-03   6.2994551e-03   5.7790207e-03   5.3009185e-03   5.5520594e-03   5.9106970e-03   6.0908739e-03   5.5510488e-03   5.3219099e-03   4.6295015e-03   3.8474309e-03   3.6392629e-03   4.5877519e-03   5.7095883e-03   6.2415288e-03   6.4283030e-03   6.3990479e-03   6.2082194e-03   6.0696997e-03   5.7069611e-03
   5.8371387e-03   6.0483610e-03   5.9746826e-03   5.7959438e-03   5.6498975e-03   4.9190919e-03   4.0556557e-03   3.5357105e-03   4.3767188e-03   5.4669569e-03   6.1932395e-03   6.1596608e-03   6.5112227e-03   6.4008961e-03   5.7913299e-03   5.3203717e-03   5.6108616e-03   5.9935851e-03   6.1840022e-03   5.6584703e-03   5.4191940e-03   4.7239671e-03   3.9172658e-03   3.5930423e-03   4.3631440e-03   5.4832421e-03   6.1003586e-03   6.3582758e-03   6.3983047e-03   6.2653972e-03   6.0970390e-03   5.7005474e-03
   5.8562038e-03   6.0953571e-03   6.0915392e-03   5.8919112e-03   5.7669374e-03   5.0086047e-03   4.1376839e-03   3.5401472e-03   4.1639591e-03   5.1936422e-03   6.0386750e-03   6.0700633e-03   6.5172837e-03   6.4641205e-03   5.7899109e-03   5.3367498e-03   5.6642369e-03   6.0826142e-03   6.2565005e-03   5.7685593e-03   5.5242714e-03   4.8196391e-03   3.9929385e-03   3.5643574e-03   4.1405088e-03   5.2683771e-03   5.9270034e-03   6.2644656e-03   6.4179303e-03   6.3515344e-03   6.1423507e-03   5.7010737e-03
   5.8617681e-03   6.1493831e-03   6.2148828e-03   5.9849751e-03   5.8650021e-03   5.0885291e-03   4.2120108e-03   3.5527190e-03   3.9694411e-03   4.9180356e-03   5.8747420e-03   5.9769350e-03   6.5291312e-03   6.5158881e-03   5.8013673e-03   5.3587824e-03   5.6975373e-03   6.1584916e-03   6.3111713e-03   5.8881068e-03   5.6358553e-03   4.9100033e-03   4.0765849e-03   3.5487872e-03   3.9219185e-03   5.0512628e-03   5.7369890e-03   6.1752308e-03   6.4618472e-03   6.4287354e-03   6.1882182e-03   5.7054652e-03
   5.8580484e-03   6.2058022e-03   6.3386544e-03   6.0934709e-03   5.9438160e-03   5.1594467e-03   4.2798527e-03   3.5735719e-03   3.7951201e-03   4.6669628e-03   5.7056523e-03   5.9030167e-03   6.5320596e-03   6.5632249e-03   5.8222542e-03   5.3743621e-03   5.7129635e-03   6.2066879e-03   6.3611137e-03   6.0129457e-03   5.7334875e-03   4.9958570e-03   4.1651334e-03   3.5418567e-03   3.7213798e-03   4.7971518e-03   5.5408432e-03   6.1060256e-03   6.5052678e-03   6.4854370e-03   6.2446608e-03   5.6934288e-03
   5.8667229e-03   6.2761629e-03   6.4419225e-03   6.2183574e-03   6.0121337e-03   5.2250332e-03   4.3452621e-03   3.6020846e-03   3.6351672e-03   4.4335552e-03   5.5292070e-03   5.8447994e-03   6.5152167e-03   6.5955320e-03   5.8590906e-03   5.3845244e-03   5.7237699e-03   6.2462493e-03   6.4106507e-03   6.1483377e-03   5.8141122e-03   5.0803560e-03   4.2485883e-03   3.5454589e-03   3.5609956e-03   4.5252972e-03   5.3422666e-03   6.0360493e-03   6.5474050e-03   6.5368605e-03   6.2972995e-03   5.6840495e-03
   5.8746475e-03   6.3430359e-03   6.5402847e-03   6.3362916e-03   6.0729898e-03   5.2856908e-03   4.4111425e-03   3.6313833e-03   3.4964054e-03   4.2086390e-03   5.3418751e-03   5.8029261e-03   6.5210557e-03   6.6163308e-03   5.9086572e-03   5.4022976e-03   5.7378304e-03   6.3060916e-03   6.4501180e-03   6.2839589e-03   5.8841064e-03   5.1583566e-03   4.3213042e-03   3.5590430e-03   3.4426900e-03   4.2660199e-03   5.1516008e-03   5.9602016e-03   6.5765791e-03   6.5746209e-03   6.3447549e-03   5.6881583e-03
   5.8758214e-03   6.3853200e-03   6.6443422e-03   6.4432651e-03   6.1220233e-03   5.3429015e-03   4.4761187e-03   3.6535683e-03   3.3832175e-03   3.9810575e-03   5.1502500e-03   5.7915159e-03   6.5410978e-03   6.6352256e-03   5.9607669e-03   5.4160781e-03   5.7536368e-03   6.3703578e-03   6.4756312e-03   6.3969692e-03   5.9387626e-03   5.2239471e-03   4.3864890e-03   3.5789217e-03   3.3417265e-03   4.0198176e-03   4.9671463e-03   5.9186128e-03   6.5950815e-03   6.6223520e-03   6.4007858e-03   5.6903236e-03
   5.8858078e-03   6.4147170e-03   6.7292008e-03   6.5511124e-03   6.1622372e-03   5.3932127e-03   4.5382802e-03   3.6702251e-03   3.2897847e-03   3.7651678e-03   4.9484751e-03   5.7891001e-03   6.5706287e-03   6.6629451e-03   6.0177069e-03   5.4214597e-03   5.7559823e-03   6.4290235e-03   6.5128433e-03   6.4830965e-03   5.9735909e-03   5.2787871e-03   4.4455776e-03   3.6029357e-03   3.2495534e-03   3.7966513e-03   4.7796555e-03   5.8719140e-03   6.6249414e-03   6.6699678e-03   6.4556921e-03   5.6977493e-03
   5.8866849e-03   6.4421838e-03   6.8028304e-03   6.6353029e-03   6.1915242e-03   5.4355128e-03   4.5926857e-03   3.6874783e-03   3.2153855e-03   3.5775240e-03   4.7559059e-03   5.8039946e-03   6.6013504e-03   6.6815035e-03   6.0555675e-03   5.4203891e-03   5.7447987e-03   6.4961394e-03   6.5650610e-03   6.5528584e-03   6.0070239e-03   5.3243898e-03   4.4958756e-03   3.6289914e-03   3.1714541e-03   3.6023108e-03   4.6089550e-03   5.7959222e-03   6.6699426e-03   6.6758523e-03   6.4889712e-03   5.7156440e-03
   5.8853594e-03   6.4672110e-03   6.8848026e-03   6.7005578e-03   6.2148188e-03   5.4776718e-03   4.6372938e-03   3.7066813e-03   3.1614443e-03   3.4159940e-03   4.6016059e-03   5.7936053e-03   6.6093108e-03   6.6933589e-03   6.0733201e-03   5.4278735e-03   5.7178025e-03   6.5585136e-03   6.6095387e-03   6.6088762e-03   6.0456706e-03   5.3674905e-03   4.5357012e-03   3.6552933e-03   3.1069799e-03   3.4402345e-03   4.4727854e-03   5.7158890e-03   6.6903225e-03   6.6972428e-03   6.4851701e-03   5.7155560e-03
   5.8773533e-03   6.4917831e-03   6.9713513e-03   6.7707549e-03   6.2362913e-03   5.5235428e-03   4.6743814e-03   3.7298441e-03   3.1289556e-03   3.2682966e-03   4.4791855e-03   5.7689786e-03   6.6157545e-03   6.7226604e-03   6.1096097e-03   5.4364973e-03   5.6938703e-03   6.5803173e-03   6.6389111e-03   6.6410613e-03   6.0667751e-03   5.4154881e-03   4.5613784e-03   3.6822915e-03   3.0591559e-03   3.3122758e-03   4.3755883e-03   5.6659838e-03   6.6952076e-03   6.7191507e-03   6.4645335e-03   5.7063800e-03
   5.8677195e-03   6.5127232e-03   7.0494871e-03   6.8466641e-03   6.2520095e-03   5.5638224e-03   4.7025865e-03   3.7514621e-03   3.1101861e-03   3.1402088e-03   4.3883381e-03   5.7610084e-03   6.6302507e-03   6.7631182e-03   6.1384056e-03   5.4490047e-03   5.6932485e-03   6.5747155e-03   6.6542309e-03   6.6492687e-03   6.0774936e-03   5.4578044e-03   4.5726598e-03   3.7067381e-03   3.0314032e-03   3.2064268e-03   4.3012582e-03   5.6561801e-03   6.6972940e-03   6.7534990e-03   6.5010347e-03   5.6931214e-03
   5.8583284e-03   6.5449195e-03   7.1122134e-03   6.9114463e-03   6.2609695e-03   5.5910780e-03   4.7206093e-03   3.7619178e-03   3.0935922e-03   3.0430330e-03   4.3424688e-03   5.7295884e-03   6.6357862e-03   6.7685819e-03   6.1510859e-03   5.4584190e-03   5.6983795e-03   6.5675374e-03   6.6637673e-03   6.6444176e-03   6.0955123e-03   5.4858140e-03   4.5718006e-03   3.7233162e-03   3.0191659e-03   3.1214942e-03   4.2382989e-03   5.6570734e-03   6.6788938e-03   6.8234095e-03   6.5327505e-03   5.6873441e-03
   5.8538921e-03   6.5630207e-03   7.1516107e-03   6.9545546e-03   6.2581059e-03   5.5988328e-03   4.7279664e-03   3.7586550e-03   3.0810626e-03   2.9773981e-03   4.3342455e-03   5.6909348e-03   6.6330119e-03   6.7333934e-03   6.1860576e-03   5.4531878e-03   5.6939979e-03   6.5511456e-03   6.6804441e-03   6.6445484e-03   6.1175188e-03   5.5024597e-03   4.5612232e-03   3.7331055e-03   3.0152147e-03   3.0652241e-03   4.2117420e-03   5.6544041e-03   6.6383574e-03   6.8797064e-03   6.5380886e-03   5.6793965e-03
