   6.4732797e-09   1.7856436e-09   7.5735304e-10   4.7752087e-10   3.5470280e-10   3.5288523e-10   4.7410435e-10   1.4106554e-09   3.8698868e-09   1.3309363e-08   2.9244616e-08   5.1737596e-08   6.1573127e-08   5.7421405e-08   4.6910350e-08   2.5839411e-08   6.9815846e-09   1.9017731e-09   8.1196818e-10   5.0056082e-10   3.8184076e-10   3.9171576e-10   8.9161586e-10   2.0108415e-09   6.4087150e-09   1.2514847e-08   3.4975741e-08   6.1893308e-08   6.8664456e-08   6.1052377e-08   4.4511330e-08   2.3001538e-08
   1.0597715e-07   2.9184253e-08   1.2473845e-08   7.9369528e-09   5.9159228e-09   5.8730937e-09   7.8573627e-09   2.3046599e-08   6.3254149e-08   2.1743800e-07   4.7812421e-07   8.4627645e-07   1.0082970e-06   9.4159910e-07   7.6922134e-07   4.2356834e-07   1.1432139e-07   3.1161984e-08   1.3367589e-08   8.3217936e-09   6.3746940e-09   6.5205327e-09   1.4634330e-08   3.2892789e-08   1.0447876e-07   2.0477482e-07   5.7138168e-07   1.0118846e-06   1.1243708e-06   1.0010423e-06   7.3005401e-07   3.7709247e-07
   5.1364869e-07   1.4188187e-07   6.1066815e-08   3.9057236e-08   2.9162456e-08   2.8859482e-08   3.8430476e-08   1.1052596e-07   3.0399503e-07   1.0431168e-06   2.2958856e-06   4.0681214e-06   4.8548947e-06   4.5447343e-06   3.7130435e-06   2.0447178e-06   5.5403949e-07   1.5165462e-07   6.5387931e-08   4.0944568e-08   3.1433686e-08   3.2054847e-08   7.0650214e-08   1.5809774e-07   4.9989997e-07   9.8517861e-07   2.7396846e-06   4.8587426e-06   5.4144802e-06   4.8305400e-06   3.5253931e-06   1.8210009e-06
   1.5617754e-06   4.3429621e-07   1.8825132e-07   1.2072668e-07   9.0201339e-08   8.8904183e-08   1.1769926e-07   3.2957774e-07   9.1043012e-07   3.1138881e-06   6.8615129e-06   1.2180712e-05   1.4569307e-05   1.3692748e-05   1.1193065e-05   6.1687929e-06   1.6840950e-06   4.6421646e-07   2.0134108e-07   1.2651083e-07   9.7217330e-08   9.8810490e-08   2.1271680e-07   4.7328492e-07   1.4871724e-06   2.9547089e-06   8.1690773e-06   1.4521448e-05   1.6256041e-05   1.4548528e-05   1.0634472e-05   5.4970930e-06
   3.7330451e-06   1.0477659e-06   4.5775785e-07   2.9402398e-07   2.1971789e-07   2.1553489e-07   2.8317610e-07   7.6457361e-07   2.1278153e-06   7.2442519e-06   1.5983287e-05   2.8450694e-05   3.4134536e-05   3.2280746e-05   2.6425422e-05   1.4592908e-05   4.0237726e-06   1.1193305e-06   4.8890969e-07   3.0795648e-07   2.3674355e-07   2.3974959e-07   5.0040681e-07   1.1053532e-06   3.4429341e-06   6.9218912e-06   1.8968669e-05   3.3830638e-05   3.8123970e-05   3.4279730e-05   2.5133420e-05   1.3015107e-05
   7.7049920e-06   2.1875249e-06   9.6427962e-07   6.2007025e-07   4.6336422e-07   4.5207184e-07   5.8820089e-07   1.5125543e-06   4.2540331e-06   1.4409414e-05   3.1832541e-05   5.6840370e-05   6.8472187e-05   6.5347194e-05   5.3640128e-05   2.9737137e-05   8.3008453e-06   2.3347702e-06   1.0282715e-06   6.4908564e-07   4.9909525e-07   5.0342593e-07   1.0087930e-06   2.2092910e-06   6.8012180e-06   1.3896418e-05   3.7629708e-05   6.7372195e-05   7.6603891e-05   6.9339454e-05   5.1100661e-05   2.6554249e-05
   1.4398984e-05   4.1437646e-06   1.8451764e-06   1.1878348e-06   8.8767402e-07   8.6060759e-07   1.1065273e-06   2.6760180e-06   7.6078501e-06   2.5674318e-05   5.6785842e-05   1.0165018e-04   1.2307725e-04   1.1892379e-04   9.8050970e-05   5.4716792e-05   1.5503044e-05   4.4173061e-06   1.9641649e-06   1.2426558e-06   9.5576374e-07   9.5988506e-07   1.8249442e-06   3.9583780e-06   1.2018124e-05   2.5035929e-05   6.6825892e-05   1.2007142e-04   1.3802707e-04   1.2604993e-04   9.3628790e-05   4.8943326e-05
   2.5027933e-05   7.3167959e-06   3.2955126e-06   2.1243698e-06   1.5879008e-06   1.5282574e-06   1.9378621e-06   4.3727257e-06   1.2480008e-05   4.2090710e-05   9.3202772e-05   1.6692946e-04   2.0338248e-04   1.9954816e-04   1.6558401e-04   9.3337403e-05   2.6927130e-05   7.7883255e-06   3.5012699e-06   2.2209480e-06   1.7090492e-06   1.7083255e-06   3.0469951e-06   6.5339636e-06   1.9573203e-05   4.1544949e-05   1.0915229e-04   1.9658756e-04   2.2874187e-04   2.1119525e-04   1.5861946e-04   8.3682059e-05
   4.1132108e-05   1.2245084e-05   5.5866965e-06   3.6078493e-06   2.6981515e-06   2.5747940e-06   3.2143698e-06   6.7772366e-06   1.9132577e-05   6.4556435e-05   1.4312712e-04   2.5583336e-04   3.1406154e-04   3.1341328e-04   2.6230225e-04   1.4995889e-04   4.4213537e-05   1.3012030e-05   5.9230684e-06   3.7691788e-06   2.9029106e-06   2.8867651e-06   4.8066152e-06   1.0131121e-05   3.0023562e-05   6.4538641e-05   1.6683984e-04   3.0069497e-04   3.5416273e-04   3.3111796e-04   2.5227687e-04   1.3485487e-04
   6.4587513e-05   1.9633227e-05   9.0883587e-06   5.8835382e-06   4.4040702e-06   4.1617676e-06   5.1071895e-06   1.0152298e-05   2.7934010e-05   9.3658077e-05   2.0789640e-04   3.7023591e-04   4.5851503e-04   4.6529788e-04   3.9356587e-04   2.2918437e-04   6.9349195e-05   2.0823335e-05   9.6136620e-06   6.1418271e-06   4.7365326e-06   4.6838097e-06   7.3265295e-06   1.4992073e-05   4.3960966e-05   9.4893430e-05   2.4147197e-04   4.3481275e-04   5.1791459e-04   4.9065491e-04   3.8029181e-04   2.0688806e-04
   9.7567610e-05   3.0374839e-05   1.4292151e-05   9.2823634e-06   6.9580617e-06   6.5031529e-06   7.8315152e-06   1.4785524e-05   3.9477480e-05   1.2965890e-04   2.8785375e-04   5.1076216e-04   6.3850535e-04   6.5759658e-04   5.6309743e-04   3.3536627e-04   1.0461733e-04   3.2150670e-05   1.5081004e-05   9.6814362e-06   7.4805847e-06   7.3523614e-06   1.0940404e-05   2.1434629e-05   6.1691112e-05   1.3317387e-04   3.3382514e-04   5.9970526e-04   7.2134511e-04   6.9223937e-04   5.4684061e-04   3.0412371e-04
   1.4243953e-04   4.5563038e-05   2.1834768e-05   1.4240993e-05   1.0696533e-05   9.8778116e-06   1.1652994e-05   2.0876925e-05   5.4335798e-05   1.7275964e-04   3.8266877e-04   6.7696832e-04   8.5369981e-04   8.8980594e-04   7.7219636e-04   4.7198381e-04   1.5247410e-04   4.8126388e-05   2.2978561e-05   1.4838598e-05   1.1495597e-05   1.1224729e-05   1.5993930e-05   2.9818373e-05   8.2957729e-05   1.7979108e-04   4.4402037e-04   7.9432738e-04   9.6336338e-04   9.3543663e-04   7.5365240e-04   4.3023484e-04
   2.0158343e-04   6.6479527e-05   3.2515697e-05   2.1321169e-05   1.6057800e-05   1.4646121e-05   1.6904779e-05   2.8605460e-05   7.2748776e-05   2.2330913e-04   4.9204006e-04   8.6731951e-04   1.1012778e-03   1.1586263e-03   1.0193088e-03   6.4100635e-04   2.1534160e-04   7.0075099e-05   3.4120570e-05   2.2190552e-05   1.7250976e-05   1.6728156e-05   2.2767454e-05   4.0506007e-05   1.0742760e-04   2.3522871e-04   5.7167672e-04   1.0160533e-03   1.2404131e-03   1.2170092e-03   9.9943785e-04   5.8757359e-04
   2.7714040e-04   9.4553498e-05   4.7303225e-05   3.1224514e-05   2.3598116e-05   2.1274160e-05   2.4014761e-05   3.8387919e-05   9.4870960e-05   2.8159718e-04   6.1533046e-04   1.0788479e-03   1.3761673e-03   1.4585119e-03   1.3000385e-03   8.4238301e-04   2.9532761e-04   9.9469910e-05   4.9484114e-05   3.2454190e-05   2.5341923e-05   2.4399181e-05   3.1567860e-05   5.3919473e-05   1.3561746e-04   2.9979600e-04   7.1553792e-04   1.2614106e-03   1.5467163e-03   1.5314190e-03   1.2798651e-03   7.7659999e-04
   3.7071848e-04   1.3128517e-04   6.7320869e-05   4.4797372e-05   3.4001835e-05   3.0354509e-05   3.3518050e-05   5.0937134e-05   1.2108478e-04   3.4739971e-04   7.5085977e-04   1.3068445e-03   1.6718937e-03   1.7823212e-03   1.6075789e-03   1.0737780e-03   3.9391149e-04   1.3785113e-04   7.0189934e-05   4.6487592e-05   3.6499949e-05   3.4893907e-05   4.2875028e-05   7.0595326e-05   1.6873362e-04   3.7305499e-04   8.7317214e-04   1.5264915e-03   1.8750360e-03   1.8714815e-03   1.5880518e-03   9.9554632e-04
   4.8311153e-04   1.7813647e-04   9.3806428e-05   6.3018934e-05   4.8080284e-05   4.2598004e-05   4.6040639e-05   6.6994655e-05   1.5182987e-04   4.1967659e-04   8.9636543e-04   1.5454881e-03   1.9813289e-03   2.1218833e-03   1.9335007e-03   1.3306225e-03   5.1166285e-04   1.8671073e-04   9.7454159e-05   6.5273057e-05   5.1591185e-05   4.8989261e-05   5.7462980e-05   9.1148028e-05   2.0751068e-04   4.5392228e-04   1.0416275e-03   1.8061973e-03   2.2177735e-03   2.2289117e-03   1.9153724e-03   1.2404222e-03
   6.1409914e-04   2.3640220e-04   1.2803849e-04   8.6965630e-05   6.6753056e-05   5.8811438e-05   6.2285616e-05   8.7146276e-05   1.8739745e-04   4.9721015e-04   1.0494545e-03   1.7893527e-03   2.2972205e-03   2.4686039e-03   2.2687687e-03   1.6065071e-03   6.4806559e-04   2.4735536e-04   1.3250616e-04   8.9875007e-05   7.1595626e-05   6.7572014e-05   7.6357013e-05   1.1620490e-04   2.5194624e-04   5.4155741e-04   1.2181414e-03   2.0936134e-03   2.5678781e-03   2.5948169e-03   2.2524068e-03   1.5053771e-03
   7.6238816e-04   3.0708498e-04   1.7123114e-04   1.1774665e-04   9.1005883e-05   7.9895657e-05   8.3050873e-05   1.1193201e-04   2.2794403e-04   5.7983672e-04   1.2077394e-03   2.0345552e-03   2.6130876e-03   2.8142159e-03   2.6047388e-03   1.8938792e-03   8.0149793e-04   3.2076846e-04   1.7647432e-04   1.2136889e-04   9.7560713e-05   9.1613577e-05   1.0048867e-04   1.4642377e-04   3.0184405e-04   6.3573775e-04   1.4000816e-03   2.3816882e-03   2.9187626e-03   2.9604212e-03   2.5899538e-03   1.7833521e-03
   9.2572681e-04   3.9080005e-04   2.2440642e-04   1.5641015e-04   1.2182182e-04   1.0680569e-04   1.0924432e-04   1.4204281e-04   2.7396025e-04   6.6824472e-04   1.3692515e-03   2.2787549e-03   2.9239692e-03   3.1515134e-03   2.9338546e-03   2.1849300e-03   9.6938892e-04   4.0749212e-04   2.3025178e-04   1.6074307e-04   1.3052480e-04   1.2211294e-04   1.3059928e-04   1.8262362e-04   3.5712342e-04   7.3649983e-04   1.5852058e-03   2.6655619e-03   3.2635269e-03   3.3180327e-03   2.9199654e-03   2.0668960e-03
   1.1011788e-03   4.8772829e-04   2.8826389e-04   2.0382762e-04   1.6008725e-04   1.4043021e-04   1.4185020e-04   1.7838491e-04   3.2651692e-04   7.6294445e-04   1.5330775e-03   2.5203047e-03   3.2263562e-03   3.4750928e-03   3.2500146e-03   2.4724876e-03   1.1485481e-03   5.0753873e-04   2.9436717e-04   2.0878392e-04   1.7141087e-04   1.5999814e-04   1.6755011e-04   2.2568964e-04   4.1831449e-04   8.4447821e-04   1.7718582e-03   2.9425605e-03   3.5955255e-03   3.6616692e-03   3.2361091e-03   2.3489883e-03
   1.2855011e-03   5.9761884e-04   3.6307360e-04   2.6057353e-04   2.0648015e-04   1.8147688e-04   1.8182899e-04   2.2187174e-04   3.8640630e-04   8.6391071e-04   1.6992056e-03   2.7575553e-03   3.5179618e-03   3.7823073e-03   3.5489108e-03   2.7507073e-03   1.3356232e-03   6.2036028e-04   3.6889320e-04   2.6596249e-04   2.2089875e-04   2.0600811e-04   2.1233777e-04   2.7633421e-04   4.8644047e-04   9.6063167e-04   1.9583261e-03   3.2108944e-03   3.9103078e-03   3.9867684e-03   3.5338244e-03   2.6236869e-03
   1.4755471e-03   7.1981759e-04   4.4861983e-04   3.2682470e-04   2.6135418e-04   2.3038826e-04   2.2991389e-04   2.7313210e-04   4.5403144e-04   9.7014277e-04   1.8663545e-03   2.9889121e-03   3.7975446e-03   4.0727361e-03   3.8282263e-03   3.0153509e-03   1.5275740e-03   7.4491988e-04   4.5342144e-04   3.3234589e-04   2.7929550e-04   2.6057328e-04   2.6562473e-04   3.3517513e-04   5.6199007e-04   1.0839097e-03   2.1430869e-03   3.4691159e-03   4.2064105e-03   4.2899246e-03   3.8102641e-03   2.8864745e-03
   1.6686010e-03   8.5328794e-04   5.4421749e-04   4.0230299e-04   3.2463601e-04   2.8722805e-04   2.8633825e-04   3.3239139e-04   5.2960458e-04   1.0806698e-03   2.0326510e-03   3.2136489e-03   4.0649828e-03   4.3454520e-03   4.0868832e-03   3.2636546e-03   1.7220069e-03   8.7983412e-04   5.4711355e-04   4.0755289e-04   3.4643397e-04   3.2371225e-04   3.2749814e-04   4.0256844e-04   6.4497623e-04   1.2109899e-03   2.3256466e-03   3.7173750e-03   4.4841297e-03   4.5699587e-03   4.0644321e-03   3.1343310e-03
   1.8625542e-03   9.9662396e-04   6.4880641e-04   4.8626921e-04   3.9575400e-04   3.5158390e-04   3.5065010e-04   3.9948324e-04   6.1256531e-04   1.1961758e-03   2.1993985e-03   3.4310629e-03   4.3209364e-03   4.5990295e-03   4.3241428e-03   3.4941806e-03   1.9172804e-03   1.0234830e-03   6.4881830e-04   4.9075877e-04   4.2163151e-04   3.9492477e-04   3.9755813e-04   4.7818954e-04   7.3546126e-04   1.3394942e-03   2.5063573e-03   3.9568886e-03   4.7458253e-03   4.8282222e-03   4.2965195e-03   3.3655551e-03
   2.0559307e-03   1.1481096e-03   7.6110559e-04   5.7754732e-04   4.7362111e-04   4.2257012e-04   4.2189679e-04   4.7387618e-04   7.0150552e-04   1.3161733e-03   2.3677733e-03   3.6395563e-03   4.5646877e-03   4.8344752e-03   4.5399486e-03   3.7067946e-03   2.1124009e-03   1.1740548e-03   7.5723193e-04   5.8073704e-04   5.0372318e-04   4.7314917e-04   4.7496062e-04   5.6116917e-04   8.3312174e-04   1.4697068e-03   2.6839978e-03   4.1852163e-03   4.9942763e-03   5.0669257e-03   4.5063338e-03   3.5792395e-03
   2.2478282e-03   1.3058876e-03   8.7979198e-04   6.7454407e-04   5.5671633e-04   4.9894095e-04   4.9906368e-04   5.5457285e-04   7.9433888e-04   1.4375264e-03   2.5351644e-03   3.8397918e-03   4.7927894e-03   5.0528822e-03   4.7357278e-03   3.9021369e-03   2.3067368e-03   1.3296166e-03   8.7108927e-04   6.7594189e-04   5.9114997e-04   5.5683663e-04   5.5838474e-04   6.4999214e-04   9.3629236e-04   1.6028134e-03   2.8547702e-03   4.3981855e-03   5.2305203e-03   5.2879970e-03   4.6939613e-03   3.7748147e-03
   2.4377182e-03   1.4682009e-03   1.0036519e-03   7.7528543e-04   6.4330975e-04   5.7923133e-04   5.8099838e-04   6.4023737e-04   8.8995420e-04   1.5583965e-03   2.6961805e-03   4.0338393e-03   4.9999375e-03   5.2541141e-03   4.9148314e-03   4.0805392e-03   2.4995976e-03   1.4883029e-03   9.8937924e-04   7.7467091e-04   6.8208104e-04   6.4407643e-04   6.4582833e-04   7.4277427e-04   1.0419515e-03   1.7367328e-03   3.0164784e-03   4.5969534e-03   5.4561601e-03   5.4940532e-03   4.8618250e-03   3.9524247e-03
   2.6251998e-03   1.6335675e-03   1.1316211e-03   8.7759243e-04   7.3176897e-04   6.6178933e-04   6.6596646e-04   7.2936750e-04   9.8811599e-04   1.6794269e-03   2.8473189e-03   4.2209115e-03   5.1866494e-03   5.4405016e-03   5.0805577e-03   4.2413471e-03   2.6898980e-03   1.6485291e-03   1.1115127e-03   8.7529396e-04   7.7456237e-04   7.3279404e-04   7.3478412e-04   8.3812007e-04   1.1474671e-03   1.8672276e-03   3.1706420e-03   4.7814956e-03   5.6691982e-03   5.6855814e-03   5.0135381e-03   4.1132185e-03
   2.8098199e-03   1.8008411e-03   1.2625972e-03   9.7942879e-04   8.2074793e-04   7.4483554e-04   7.5167116e-04   8.2030347e-04   1.0872996e-03   1.7964022e-03   2.9895415e-03   4.3986816e-03   5.3592810e-03   5.6142376e-03   5.2340491e-03   4.3842270e-03   2.8761261e-03   1.8090283e-03   1.2372568e-03   9.7637460e-04   8.6669274e-04   8.2100907e-04   8.2281452e-04   9.3463230e-04   1.2509296e-03   1.9918715e-03   3.3147427e-03   4.9528813e-03   5.8638348e-03   5.8573744e-03   5.1510930e-03   4.2586043e-03
   2.9908479e-03   1.9692642e-03   1.3950865e-03   1.0793033e-03   9.0915703e-04   8.2664417e-04   8.3580184e-04   9.1077563e-04   1.1860132e-03   1.9042166e-03   3.1194741e-03   4.5610208e-03   5.5187350e-03   5.7762394e-03   5.3747969e-03   4.5110306e-03   3.0567642e-03   1.9688265e-03   1.3663330e-03   1.0765555e-03   9.5681261e-04   9.0705681e-04   9.0775267e-04   1.0296070e-03   1.3516092e-03   2.1103556e-03   3.4404651e-03   5.1149800e-03   6.0395471e-03   6.0088313e-03   5.2768212e-03   4.3898172e-03
   3.1672707e-03   2.1386078e-03   1.5271991e-03   1.1766567e-03   9.9615590e-04   9.0586458e-04   9.1640121e-04   9.9749980e-04   1.2806023e-03   2.0009026e-03   3.2320984e-03   4.7046796e-03   5.6556388e-03   5.9326975e-03   5.5035864e-03   4.6236474e-03   3.2307729e-03   2.1275692e-03   1.4982492e-03   1.1744250e-03   1.0437316e-03   9.8959629e-04   9.8839326e-04   1.1199111e-03   1.4462192e-03   2.2176882e-03   3.5465438e-03   5.2583513e-03   6.2067050e-03   6.1480822e-03   5.3921710e-03   4.5085630e-03
   3.3381893e-03   2.3092942e-03   1.6572815e-03   1.2720617e-03   1.0812485e-03   9.8202659e-04   9.9152003e-04   1.0798704e-03   1.3670830e-03   2.0859370e-03   3.3292107e-03   4.8277159e-03   5.7708252e-03   6.0866931e-03   5.6213636e-03   4.7231818e-03   3.3974538e-03   2.2859357e-03   1.6329002e-03   1.2688761e-03   1.1270564e-03   1.0677346e-03   1.0648780e-03   1.2041678e-03   1.5312627e-03   2.3044594e-03   3.6365128e-03   5.3781186e-03   6.3543025e-03   6.2797485e-03   5.4970644e-03   4.6171634e-03
   3.5035256e-03   2.4821228e-03   1.7843799e-03   1.3669617e-03   1.1642102e-03   1.0550261e-03   1.0609720e-03   1.1571836e-03   1.4425325e-03   2.1542545e-03   3.4086272e-03   4.9417542e-03   5.8672961e-03   6.2254133e-03   5.7265406e-03   4.8097052e-03   3.5564134e-03   2.4450873e-03   1.7708683e-03   1.3602421e-03   1.2069646e-03   1.1411474e-03   1.1374466e-03   1.2799567e-03   1.6085464e-03   2.3724298e-03   3.7048790e-03   5.4656466e-03   6.4708013e-03   6.3968669e-03   5.5920903e-03   4.7170313e-03
   3.6644874e-03   2.6568244e-03   1.9087482e-03   1.4633184e-03   1.2452125e-03   1.1251421e-03   1.1251620e-03   1.2257419e-03   1.5057284e-03   2.2106948e-03   3.4634653e-03   5.0360795e-03   5.9384180e-03   6.3360433e-03   5.8179527e-03   4.8827970e-03   3.7071249e-03   2.6058228e-03   1.9129650e-03   1.4509210e-03   1.2839191e-03   1.2100256e-03   1.2066326e-03   1.3467844e-03   1.6763433e-03   2.4260970e-03   3.7544591e-03   5.5312537e-03   6.5671118e-03   6.5032455e-03   5.6780710e-03   4.8060693e-03
   3.8222558e-03   2.8303552e-03   2.0327256e-03   1.5629603e-03   1.3251168e-03   1.1933782e-03   1.1838336e-03   1.2859669e-03   1.5552226e-03   2.2529895e-03   3.4951024e-03   5.1097755e-03   5.9986308e-03   6.4310390e-03   5.8954657e-03   4.9452375e-03   3.8483147e-03   2.7690730e-03   2.0598933e-03   1.5442680e-03   1.3593190e-03   1.2748012e-03   1.2736124e-03   1.4048088e-03   1.7305831e-03   2.4585200e-03   3.7731502e-03   5.5886867e-03   6.6435115e-03   6.6129252e-03   5.7601235e-03   4.8797514e-03
   3.9767897e-03   2.9991570e-03   2.1591302e-03   1.6661191e-03   1.4052714e-03   1.2599746e-03   1.2380942e-03   1.3395908e-03   1.5928911e-03   2.2719499e-03   3.4956677e-03   5.1369261e-03   6.0342221e-03   6.5077609e-03   5.9636867e-03   4.9945039e-03   3.9779702e-03   2.9353907e-03   2.2115374e-03   1.6433306e-03   1.4356075e-03   1.3370262e-03   1.3396925e-03   1.4535530e-03   1.7706750e-03   2.4685517e-03   3.7659135e-03   5.6137312e-03   6.6920041e-03   6.7078516e-03   5.8454810e-03   4.9377207e-03
   4.1245603e-03   3.1639559e-03   2.2894954e-03   1.7722630e-03   1.4867401e-03   1.3247380e-03   1.2881453e-03   1.3889496e-03   1.6213508e-03   2.2682640e-03   3.4642827e-03   5.1219900e-03   6.0522728e-03   6.5716630e-03   6.0236838e-03   5.0267430e-03   4.0968690e-03   3.1025118e-03   2.3662581e-03   1.7501296e-03   1.5151298e-03   1.3996473e-03   1.4063901e-03   1.4968522e-03   1.7995183e-03   2.4635363e-03   3.7310213e-03   5.5910223e-03   6.7082283e-03   6.7763501e-03   5.9269801e-03   4.9854622e-03
   4.2615571e-03   3.3261054e-03   2.4241391e-03   1.8822343e-03   1.5707013e-03   1.3893047e-03   1.3348766e-03   1.4313276e-03   1.6419739e-03   2.2553720e-03   3.3983046e-03   5.0669765e-03   6.0561973e-03   6.6267979e-03   6.0839459e-03   5.0579768e-03   4.2073727e-03   3.2650273e-03   2.5214651e-03   1.8652566e-03   1.5988688e-03   1.4666347e-03   1.4741334e-03   1.5347773e-03   1.8161411e-03   2.4478233e-03   3.6736745e-03   5.5345574e-03   6.6948823e-03   6.8063757e-03   6.0017902e-03   5.0294357e-03
   4.3872523e-03   3.4853677e-03   2.5621390e-03   1.9983146e-03   1.6600673e-03   1.4581807e-03   1.3821902e-03   1.4677474e-03   1.6594141e-03   2.2175554e-03   3.3071101e-03   4.9818025e-03   6.0214853e-03   6.6641834e-03   6.1265170e-03   5.0888125e-03   4.3071602e-03   3.4196202e-03   2.6755242e-03   1.9886130e-03   1.6873077e-03   1.5419237e-03   1.5408631e-03   1.5648859e-03   1.8186949e-03   2.4235983e-03   3.5727117e-03   5.4211625e-03   6.6659456e-03   6.8078372e-03   6.0634022e-03   5.0738467e-03
   4.4998007e-03   3.6403671e-03   2.7033621e-03   2.1223056e-03   1.7572544e-03   1.5343874e-03   1.4360300e-03   1.5021227e-03   1.6753045e-03   2.1673951e-03   3.2075798e-03   4.8780790e-03   5.9529377e-03   6.6611059e-03   6.1595191e-03   5.1114369e-03   4.3993650e-03   3.5705166e-03   2.8283640e-03   2.1202025e-03   1.7817476e-03   1.6288803e-03   1.6059325e-03   1.5932141e-03   1.8199221e-03   2.3879639e-03   3.4655663e-03   5.2870436e-03   6.6109385e-03   6.7976166e-03   6.0988689e-03   5.1103563e-03
   4.5977313e-03   3.7887348e-03   2.8467401e-03   2.2506177e-03   1.8623391e-03   1.6191576e-03   1.4995225e-03   1.5418960e-03   1.6929432e-03   2.1204712e-03   3.0970067e-03   4.7308446e-03   5.8782059e-03   6.6272070e-03   6.1997552e-03   5.1253161e-03   4.4869879e-03   3.7207984e-03   2.9780294e-03   2.2600843e-03   1.8825614e-03   1.7269995e-03   1.6729216e-03   1.6273440e-03   1.8195349e-03   2.3484439e-03   3.3547424e-03   5.1177004e-03   6.5255862e-03   6.7632005e-03   6.1407270e-03   5.1521386e-03
   4.6818144e-03   3.9330036e-03   2.9923354e-03   2.3770940e-03   1.9759958e-03   1.7142619e-03   1.5731999e-03   1.5925462e-03   1.7132524e-03   2.0804386e-03   2.9886717e-03   4.5350013e-03   5.7623371e-03   6.5509185e-03   6.2187470e-03   5.1354713e-03   4.5670954e-03   3.8649572e-03   3.1225327e-03   2.4056339e-03   1.9898217e-03   1.8367301e-03   1.7457401e-03   1.6721135e-03   1.8263493e-03   2.3045496e-03   3.2190535e-03   4.9057844e-03   6.4034579e-03   6.7210011e-03   6.1617427e-03   5.1915188e-03
   4.7500222e-03   4.0677325e-03   3.1448120e-03   2.5005673e-03   2.0987950e-03   1.8190669e-03   1.6556498e-03   1.6531900e-03   1.7437659e-03   2.0300823e-03   2.8712307e-03   4.3324038e-03   5.6091089e-03   6.4529527e-03   6.2254159e-03   5.1520519e-03   4.6405536e-03   4.0008524e-03   3.2666701e-03   2.5520690e-03   2.1079480e-03   1.9566989e-03   1.8240315e-03   1.7253030e-03   1.8494704e-03   2.2719828e-03   3.0976438e-03   4.6767439e-03   6.2506175e-03   6.6837382e-03   6.1773104e-03   5.2136361e-03
   4.8095808e-03   4.1767279e-03   3.2999119e-03   2.6220829e-03   2.2278896e-03   1.9319070e-03   1.7469029e-03   1.7208760e-03   1.7849817e-03   1.9791799e-03   2.7674911e-03   4.1569424e-03   5.4495807e-03   6.3615302e-03   6.1921105e-03   5.1939956e-03   4.6872170e-03   4.1270526e-03   3.4041847e-03   2.6977871e-03   2.2431994e-03   2.0834653e-03   1.9053004e-03   1.7891786e-03   1.8820951e-03   2.2541480e-03   2.9663294e-03   4.4134950e-03   6.0896549e-03   6.6167385e-03   6.1991401e-03   5.2247051e-03
   4.8612570e-03   4.2710658e-03   3.4403515e-03   2.7435383e-03   2.3604814e-03   2.0509949e-03   1.8558042e-03   1.7951964e-03   1.8307507e-03   1.9560173e-03   2.6697482e-03   3.9407857e-03   5.2720700e-03   6.1893253e-03   6.1498821e-03   5.1998526e-03   4.6987681e-03   4.2380648e-03   3.5278585e-03   2.8432851e-03   2.3951096e-03   2.2167262e-03   1.9926134e-03   1.8656846e-03   1.9279259e-03   2.2362633e-03   2.8482197e-03   4.1643529e-03   5.8591256e-03   6.5025474e-03   6.1836567e-03   5.2170168e-03
   4.8864501e-03   4.3563697e-03   3.5572356e-03   2.8709772e-03   2.4937522e-03   2.1720199e-03   1.9815795e-03   1.8826553e-03   1.8891274e-03   1.9573826e-03   2.5690107e-03   3.7150171e-03   5.0438753e-03   6.0136928e-03   6.0868042e-03   5.1880385e-03   4.6947656e-03   4.3351017e-03   3.6491338e-03   2.9868124e-03   2.5586729e-03   2.3530956e-03   2.0862686e-03   1.9618948e-03   1.9990335e-03   2.2233641e-03   2.7470053e-03   3.9304649e-03   5.5984453e-03   6.3507409e-03   6.1358865e-03   5.2117032e-03
   4.9018351e-03   4.4332635e-03   3.6701726e-03   3.0040196e-03   2.6203901e-03   2.2993298e-03   2.1161867e-03   1.9836020e-03   1.9665106e-03   1.9879712e-03   2.4908096e-03   3.5378512e-03   4.7957912e-03   5.8027412e-03   5.9773293e-03   5.1454585e-03   4.6760989e-03   4.3971892e-03   3.7731363e-03   3.1323444e-03   2.7243849e-03   2.4835962e-03   2.1884269e-03   2.0800861e-03   2.0911479e-03   2.2504292e-03   2.6691744e-03   3.6897991e-03   5.2619318e-03   6.1629989e-03   6.0581134e-03   5.2026077e-03
   4.8828946e-03   4.4962384e-03   3.7806660e-03   3.1353380e-03   2.7347358e-03   2.4421152e-03   2.2575671e-03   2.0964022e-03   2.0627018e-03   2.0589008e-03   2.4386957e-03   3.3547239e-03   4.5617262e-03   5.5396540e-03   5.8523972e-03   5.0764762e-03   4.6626459e-03   4.4311731e-03   3.8814261e-03   3.2793489e-03   2.8840615e-03   2.6021089e-03   2.3065870e-03   2.2173638e-03   2.2020764e-03   2.3169341e-03   2.6195229e-03   3.4696133e-03   4.9168586e-03   5.9332937e-03   5.9758509e-03   5.1736523e-03
   4.8397426e-03   4.5023742e-03   3.8841388e-03   3.2687660e-03   2.8451731e-03   2.5936088e-03   2.4026574e-03   2.2215608e-03   2.1675203e-03   2.1641316e-03   2.4270050e-03   3.1820791e-03   4.2714972e-03   5.2720442e-03   5.7374416e-03   5.0567523e-03   4.6483667e-03   4.4710248e-03   3.9789431e-03   3.4144064e-03   3.0272540e-03   2.7104977e-03   2.4480273e-03   2.3720158e-03   2.3291695e-03   2.4128592e-03   2.5981068e-03   3.2904198e-03   4.5827601e-03   5.6556198e-03   5.8512524e-03   5.1331165e-03
   4.7798139e-03   4.4715864e-03   3.9678812e-03   3.3970634e-03   2.9587464e-03   2.7466181e-03   2.5500044e-03   2.3602126e-03   2.2780433e-03   2.2922037e-03   2.4531893e-03   3.0215488e-03   3.9833307e-03   4.9907321e-03   5.5444552e-03   5.0248387e-03   4.6212248e-03   4.4623536e-03   4.0469362e-03   3.5316157e-03   3.1452851e-03   2.8191663e-03   2.6079690e-03   2.5377675e-03   2.4806864e-03   2.5405066e-03   2.6231946e-03   3.1294065e-03   4.2361525e-03   5.3126262e-03   5.6517384e-03   5.1212279e-03
   4.6944778e-03   4.4176462e-03   4.0152538e-03   3.4908693e-03   3.0886624e-03   2.8968698e-03   2.6996050e-03   2.5118165e-03   2.4120883e-03   2.4335896e-03   2.5040192e-03   2.8826243e-03   3.7355768e-03   4.7115996e-03   5.3267076e-03   4.9701772e-03   4.5645396e-03   4.4248667e-03   4.0693622e-03   3.6264104e-03   3.2490664e-03   2.9380436e-03   2.7672183e-03   2.7158530e-03   2.6610860e-03   2.6791737e-03   2.6937170e-03   3.0100816e-03   3.9187785e-03   4.9818350e-03   5.4387926e-03   5.0847172e-03
   4.5490322e-03   4.3610065e-03   4.0426796e-03   3.5515826e-03   3.2067655e-03   3.0466781e-03   2.8352051e-03   2.6845826e-03   2.5749107e-03   2.5887053e-03   2.5974706e-03   2.8297936e-03   3.5298379e-03   4.3925586e-03   5.1178354e-03   4.8918754e-03   4.4908432e-03   4.3422183e-03   4.0782577e-03   3.6949503e-03   3.3498138e-03   3.0625912e-03   2.9269906e-03   2.8955055e-03   2.8539918e-03   2.8262069e-03   2.7941434e-03   2.9674702e-03   3.6773476e-03   4.6910894e-03   5.2317784e-03   5.0018963e-03
   4.4198626e-03   4.2701029e-03   4.0350175e-03   3.5895483e-03   3.2929291e-03   3.1827381e-03   2.9755295e-03   2.8623267e-03   2.7603985e-03   2.7568163e-03   2.7323336e-03   2.8503028e-03   3.3528907e-03   4.1002691e-03   4.8593667e-03   4.7796879e-03   4.4099972e-03   4.2005865e-03   4.0629138e-03   3.7320047e-03   3.4440856e-03   3.1822333e-03   3.0817341e-03   3.0741341e-03   3.0509381e-03   3.0063464e-03   2.9070198e-03   2.9779995e-03   3.4870294e-03   4.4203909e-03   4.9412890e-03   4.9001685e-03
   4.2838220e-03   4.1492718e-03   3.9751162e-03   3.6178485e-03   3.3752045e-03   3.2826799e-03   3.1422155e-03   3.0289175e-03   2.9561485e-03   2.9366109e-03   2.8919233e-03   2.9032347e-03   3.2136547e-03   3.8487641e-03   4.5500432e-03   4.6774939e-03   4.2817154e-03   4.0433104e-03   4.0159011e-03   3.7369121e-03   3.5206546e-03   3.3038112e-03   3.2210675e-03   3.2633505e-03   3.2646450e-03   3.2005429e-03   3.0383066e-03   3.0228436e-03   3.3461234e-03   4.1452609e-03   4.6857717e-03   4.7746753e-03
   4.1081382e-03   3.9859321e-03   3.8847586e-03   3.6272115e-03   3.4442757e-03   3.3609902e-03   3.3024656e-03   3.1894859e-03   3.1481278e-03   3.1345389e-03   3.0708701e-03   2.9858331e-03   3.1333939e-03   3.6338753e-03   4.2647916e-03   4.5453599e-03   4.1208571e-03   3.9059069e-03   3.9267216e-03   3.7297765e-03   3.5763085e-03   3.3962958e-03   3.3599900e-03   3.4665562e-03   3.4826279e-03   3.3789211e-03   3.1930797e-03   3.1061531e-03   3.2779748e-03   3.8823359e-03   4.4371310e-03   4.6285553e-03
   3.9011725e-03   3.7770103e-03   3.7532040e-03   3.6014360e-03   3.4916192e-03   3.4248926e-03   3.4311208e-03   3.3690862e-03   3.3598228e-03   3.3380165e-03   3.2654301e-03   3.0956259e-03   3.1229105e-03   3.4368045e-03   4.0406832e-03   4.3781368e-03   3.9323388e-03   3.7263211e-03   3.8162417e-03   3.7096745e-03   3.6092923e-03   3.4695959e-03   3.5019903e-03   3.6673146e-03   3.6921096e-03   3.5392363e-03   3.3699895e-03   3.2312671e-03   3.2980913e-03   3.6378607e-03   4.1657547e-03   4.4399268e-03
   3.6926360e-03   3.5609211e-03   3.5711629e-03   3.5328507e-03   3.5111267e-03   3.4677599e-03   3.5266435e-03   3.5458932e-03   3.6104906e-03   3.5382170e-03   3.4631048e-03   3.2348630e-03   3.1490869e-03   3.2676039e-03   3.8441003e-03   4.1821280e-03   3.7685178e-03   3.5428083e-03   3.6652187e-03   3.6567295e-03   3.5771107e-03   3.5421762e-03   3.6404330e-03   3.8442429e-03   3.8762612e-03   3.7060419e-03   3.5548375e-03   3.4033784e-03   3.3629334e-03   3.4593871e-03   3.9027261e-03   4.1959989e-03
   3.5273819e-03   3.3185367e-03   3.3397494e-03   3.4182612e-03   3.4849890e-03   3.4994223e-03   3.6175375e-03   3.7140467e-03   3.8529441e-03   3.7307143e-03   3.6476463e-03   3.4058739e-03   3.2112021e-03   3.1753822e-03   3.6344349e-03   3.9575197e-03   3.6038122e-03   3.3535524e-03   3.4605701e-03   3.5724547e-03   3.5086842e-03   3.5808349e-03   3.7954930e-03   3.9785381e-03   4.0238321e-03   3.8930054e-03   3.7434414e-03   3.6042826e-03   3.4309223e-03   3.3454218e-03   3.7176623e-03   3.9614920e-03
   3.3956117e-03   3.0814470e-03   3.1572694e-03   3.2652248e-03   3.4354274e-03   3.5371483e-03   3.7048050e-03   3.8825404e-03   4.0315607e-03   3.9442823e-03   3.8223030e-03   3.5989117e-03   3.3064614e-03   3.1819477e-03   3.4516651e-03   3.7335110e-03   3.4322896e-03   3.1766750e-03   3.2563482e-03   3.4506115e-03   3.4438947e-03   3.6256196e-03   3.9181297e-03   4.0904779e-03   4.1409117e-03   4.0774418e-03   3.9673637e-03   3.7911829e-03   3.4981279e-03   3.2748877e-03   3.5430338e-03   3.7301059e-03
   3.2603488e-03   2.9192633e-03   2.9544828e-03   3.0876493e-03   3.3255228e-03   3.5779020e-03   3.7851831e-03   4.0519536e-03   4.1679113e-03   4.1676511e-03   4.0151014e-03   3.7581039e-03   3.4208996e-03   3.2497526e-03   3.3227735e-03   3.5571891e-03   3.2661101e-03   2.9927635e-03   3.0836811e-03   3.2404506e-03   3.3825098e-03   3.6794694e-03   4.0000646e-03   4.2322107e-03   4.2700840e-03   4.2628740e-03   4.1791754e-03   3.9580377e-03   3.5851945e-03   3.2869979e-03   3.3495051e-03   3.5085595e-03
   3.1262907e-03   2.8122280e-03   2.7755170e-03   2.8969135e-03   3.1708440e-03   3.5816600e-03   3.8813239e-03   4.1961723e-03   4.2905406e-03   4.3394642e-03   4.2101784e-03   3.8682279e-03   3.5559504e-03   3.3088840e-03   3.2235102e-03   3.4036806e-03   3.1311242e-03   2.8264446e-03   2.9030518e-03   3.0414034e-03   3.3379644e-03   3.6866593e-03   4.0817761e-03   4.3366642e-03   4.4130160e-03   4.4454946e-03   4.3422314e-03   4.0962993e-03   3.6936152e-03   3.3488339e-03   3.2204875e-03   3.3119312e-03
   3.0081294e-03   2.6969156e-03   2.6451352e-03   2.7196608e-03   3.0656493e-03   3.5783060e-03   3.9758036e-03   4.2796241e-03   4.3808719e-03   4.4467721e-03   4.3764368e-03   4.0225375e-03   3.6641377e-03   3.3425551e-03   3.1849285e-03   3.2522565e-03   3.0335745e-03   2.6870929e-03   2.7217892e-03   2.9281576e-03   3.2575593e-03   3.6897216e-03   4.1373030e-03   4.3755450e-03   4.5473265e-03   4.5970029e-03   4.4577568e-03   4.2208019e-03   3.7829798e-03   3.3789892e-03   3.1475269e-03   3.1512353e-03
   2.9328674e-03   2.5806221e-03   2.5324928e-03   2.6194928e-03   3.0084931e-03   3.5601578e-03   4.0399174e-03   4.3057551e-03   4.4408761e-03   4.5527124e-03   4.4687878e-03   4.1678533e-03   3.7387302e-03   3.3872203e-03   3.1741750e-03   3.1298162e-03   2.9700573e-03   2.5942831e-03   2.5606536e-03   2.8414079e-03   3.1884640e-03   3.7433057e-03   4.1318591e-03   4.4298057e-03   4.6681239e-03   4.6907558e-03   4.5558317e-03   4.2967972e-03   3.8565962e-03   3.3975994e-03   3.1190242e-03   3.0378213e-03
   2.8668411e-03   2.5017705e-03   2.4310544e-03   2.6067088e-03   2.9903081e-03   3.5400037e-03   4.0534691e-03   4.3232510e-03   4.4773071e-03   4.6402201e-03   4.5190287e-03   4.2458323e-03   3.7891394e-03   3.4538294e-03   3.1512900e-03   3.0458536e-03   2.9214707e-03   2.5705107e-03   2.4381740e-03   2.7672017e-03   3.1731020e-03   3.7209411e-03   4.1379515e-03   4.5178905e-03   4.7363322e-03   4.7272344e-03   4.6408804e-03   4.3425464e-03   3.9081105e-03   3.3995289e-03   3.1125547e-03   2.9742242e-03
