   9.9822232e-01   9.9848359e-01   9.9863741e-01   9.9874068e-01   9.9881740e-01   9.9887645e-01   9.9891980e-01   9.9894518e-01   9.9894045e-01   9.9886185e-01   9.9868006e-01   9.9838472e-01   9.9809751e-01   9.9789161e-01   9.9781157e-01   9.9790661e-01   9.9820815e-01   9.9847795e-01   9.9863850e-01   9.9874580e-01   9.9882032e-01   9.9887228e-01   9.9891033e-01   9.9892847e-01   9.9891103e-01   9.9882837e-01   9.9861347e-01   9.9827286e-01   9.9797402e-01   9.9780174e-01   9.9778146e-01   9.9792149e-01
   9.9450726e-01   9.9531449e-01   9.9578974e-01   9.9610883e-01   9.9634586e-01   9.9652832e-01   9.9666227e-01   9.9674069e-01   9.9672605e-01   9.9648316e-01   9.9592140e-01   9.9500884e-01   9.9412145e-01   9.9348528e-01   9.9323800e-01   9.9353174e-01   9.9446348e-01   9.9529707e-01   9.9579312e-01   9.9612465e-01   9.9635489e-01   9.9651543e-01   9.9663300e-01   9.9668905e-01   9.9663515e-01   9.9637969e-01   9.9571564e-01   9.9466322e-01   9.9373989e-01   9.9320761e-01   9.9314499e-01   9.9357774e-01
   9.9045923e-01   9.9186103e-01   9.9268640e-01   9.9324060e-01   9.9365231e-01   9.9396922e-01   9.9420188e-01   9.9433807e-01   9.9431256e-01   9.9389063e-01   9.9291492e-01   9.9133006e-01   9.8978904e-01   9.8868403e-01   9.8825462e-01   9.8876495e-01   9.9038323e-01   9.9183079e-01   9.9269228e-01   9.9326808e-01   9.9366797e-01   9.9394683e-01   9.9415103e-01   9.9424837e-01   9.9415471e-01   9.9371084e-01   9.9255748e-01   9.9072983e-01   9.8912636e-01   9.8820193e-01   9.8809303e-01   9.8884482e-01
   9.8604998e-01   9.8809857e-01   9.8930500e-01   9.9011522e-01   9.9071720e-01   9.9118054e-01   9.9152071e-01   9.9171983e-01   9.9168239e-01   9.9106573e-01   9.8963978e-01   9.8732399e-01   9.8507210e-01   9.8345626e-01   9.8282826e-01   9.8357389e-01   9.8593898e-01   9.8805438e-01   9.8931367e-01   9.9015543e-01   9.9074006e-01   9.9114776e-01   9.9144633e-01   9.9158868e-01   9.9145175e-01   9.9080264e-01   9.8911728e-01   9.8644696e-01   9.8410362e-01   9.8275201e-01   9.8259181e-01   9.8369046e-01
   9.8124971e-01   9.8400070e-01   9.8562145e-01   9.8671028e-01   9.8751938e-01   9.8814214e-01   9.8859935e-01   9.8886704e-01   9.8881666e-01   9.8798902e-01   9.8607503e-01   9.8296725e-01   9.7994401e-01   9.7777164e-01   9.7692639e-01   9.7792567e-01   9.8110079e-01   9.8394139e-01   9.8563324e-01   9.8676435e-01   9.8755003e-01   9.8809798e-01   9.8849936e-01   9.8869079e-01   9.8850714e-01   9.8763495e-01   9.8537336e-01   9.8179036e-01   9.7864379e-01   9.7682669e-01   9.7660800e-01   9.7808169e-01
   9.7602745e-01   9.7953929e-01   9.8160986e-01   9.8300161e-01   9.8403604e-01   9.8483225e-01   9.8541683e-01   9.8575929e-01   9.8569514e-01   9.8464041e-01   9.8220033e-01   9.7823923e-01   9.7438208e-01   9.7160356e-01   9.7051921e-01   9.7178816e-01   9.7583767e-01   9.7946364e-01   9.8162519e-01   9.8307080e-01   9.8407512e-01   9.8477564e-01   9.8528900e-01   9.8553410e-01   9.8530056e-01   9.8418691e-01   9.8130505e-01   9.7673922e-01   9.7272355e-01   9.7039893e-01   9.7011078e-01   9.7198596e-01
   9.7035169e-01   9.7468466e-01   9.7724257e-01   9.7896328e-01   9.8024266e-01   9.8122744e-01   9.8195056e-01   9.8237463e-01   9.8229635e-01   9.8099953e-01   9.7799694e-01   9.7312410e-01   9.6837027e-01   9.6493232e-01   9.6358260e-01   9.6513179e-01   9.7011816e-01   9.7459142e-01   9.7726201e-01   9.7904897e-01   9.8029080e-01   9.8115717e-01   9.8179254e-01   9.8209652e-01   9.8181057e-01   9.8043738e-01   9.7689368e-01   9.7127841e-01   9.6632738e-01   9.6344926e-01   9.6307464e-01   9.6537285e-01
   9.6419125e-01   9.6940577e-01   9.7249023e-01   9.7456759e-01   9.7611294e-01   9.7730254e-01   9.7817626e-01   9.7868944e-01   9.7859755e-01   9.7704605e-01   9.7344863e-01   9.6761277e-01   9.6190200e-01   9.5774897e-01   9.5610173e-01   9.5793209e-01   9.6391135e-01   9.6929376e-01   9.7251450e-01   9.7467132e-01   9.7617081e-01   9.7721729e-01   9.7798559e-01   9.7835441e-01   9.7801466e-01   9.7636538e-01   9.7212367e-01   9.6540061e-01   9.5945093e-01   9.5596977e-01   9.5548312e-01   9.5821640e-01
   9.5751664e-01   9.6367075e-01   9.6732192e-01   9.6978514e-01   9.7161884e-01   9.7303066e-01   9.7406796e-01   9.7467845e-01   9.7457474e-01   9.7275995e-01   9.6854251e-01   9.6170423e-01   9.5498254e-01   9.5005917e-01   9.4807520e-01   9.5017296e-01   9.5718827e-01   9.6353887e-01   9.6735200e-01   9.6990861e-01   9.7168711e-01   9.7292896e-01   9.7384202e-01   9.7428261e-01   9.7388931e-01   9.7195046e-01   9.6698338e-01   9.5910793e-01   9.5210396e-01   9.4796809e-01   9.4733305e-01   9.5049818e-01
   9.5030190e-01   9.5744750e-01   9.6170552e-01   9.6458497e-01   9.6673068e-01   9.6838322e-01   9.6959805e-01   9.7031473e-01   9.7020267e-01   9.6812174e-01   9.6326959e-01   9.5540606e-01   9.4763051e-01   9.4188619e-01   9.3951894e-01   9.4185042e-01   9.4992388e-01   9.5729490e-01   9.6174272e-01   9.6473009e-01   9.6681003e-01   9.6826349e-01   9.6933404e-01   9.6985443e-01   9.6941033e-01   9.6717304e-01   9.6146579e-01   9.5241285e-01   9.4431206e-01   9.3947046e-01   9.3863882e-01   9.4221100e-01
   9.4252692e-01   9.5070474e-01   9.5560815e-01   9.5893488e-01   9.6141730e-01   9.6333009e-01   9.6473734e-01   9.6556998e-01   9.6545505e-01   9.6311243e-01   9.5762476e-01   9.4873410e-01   9.3987850e-01   9.3327231e-01   9.3046911e-01   9.3297649e-01   9.4209947e-01   9.5053093e-01   9.5565425e-01   9.5910381e-01   9.6150843e-01   9.6319064e-01   9.6443234e-01   9.6504179e-01   9.6455317e-01   9.6201440e-01   9.5556855e-01   9.4533819e-01   9.3611681e-01   9.3052307e-01   9.2943573e-01   9.3336285e-01
   9.3418029e-01   9.4341335e-01   9.4899697e-01   9.5280188e-01   9.5564643e-01   9.5783983e-01   9.5945531e-01   9.6041471e-01   9.6030506e-01   9.5771334e-01   9.5160610e-01   9.4171163e-01   9.3177256e-01   9.2427799e-01   9.2098313e-01   9.2358271e-01   9.3370563e-01   9.4321844e-01   9.4905438e-01   9.5299712e-01   9.5575006e-01   9.5767894e-01   9.5910642e-01   9.5981552e-01   9.5929293e-01   9.5645659e-01   9.4929360e-01   9.3791597e-01   9.2757456e-01   9.2119122e-01   9.1978162e-01   9.2398066e-01
   9.2526246e-01   9.3554816e-01   9.4184027e-01   9.4615293e-01   9.4938521e-01   9.5188009e-01   9.5372036e-01   9.5481833e-01   9.5472551e-01   9.5190616e-01   9.4521414e-01   9.3436822e-01   9.2336994e-01   9.1497900e-01   9.1113851e-01   9.1372230e-01   9.2474547e-01   9.3533311e-01   9.4191220e-01   9.4637739e-01   9.4950209e-01   9.5169613e-01   9.5332492e-01   9.5414564e-01   9.5360364e-01   9.5048242e-01   9.4264672e-01   9.3018494e-01   9.1875345e-01   9.1155645e-01   9.0975595e-01   9.1411299e-01
   9.1578898e-01   9.2709021e-01   9.3410890e-01   9.3895597e-01   9.4260093e-01   9.4541822e-01   9.4750032e-01   9.4874944e-01   9.4868872e-01   9.4567312e-01   9.3845149e-01   9.2673805e-01   9.1473508e-01   9.0546195e-01   9.0102925e-01   9.0347060e-01   9.1523780e-01   9.2685718e-01   9.3419964e-01   9.3921307e-01   9.4273192e-01   9.4520979e-01   9.4705602e-01   9.4800184e-01   9.4745819e-01   9.4407605e-01   9.3563686e-01   9.2218759e-01   9.0972901e-01   9.0171189e-01   8.9945625e-01   9.0383095e-01
   9.0579327e-01   9.1802927e-01   9.2577827e-01   9.3118130e-01   9.3526221e-01   9.3842218e-01   9.4076319e-01   9.4217665e-01   9.4216684e-01   9.3899711e-01   9.3132213e-01   9.1885717e-01   9.0593457e-01   8.9581896e-01   8.9076021e-01   8.9292299e-01   9.0521977e-01   9.1778209e-01   9.2589340e-01   9.3147511e-01   9.3540831e-01   9.3818838e-01   9.4026816e-01   9.4135409e-01   9.4082958e-01   9.3722320e-01   9.2827459e-01   9.1396775e-01   9.0057839e-01   8.9175678e-01   8.8899254e-01   8.9322672e-01
   8.9532846e-01   9.0836677e-01   9.1683064e-01   9.2280344e-01   9.2734041e-01   9.3086178e-01   9.3347813e-01   9.3506969e-01   9.3513286e-01   9.3186160e-01   9.2383004e-01   9.1075946e-01   8.9703231e-01   8.8614162e-01   8.8044015e-01   8.8219037e-01   8.9474837e-01   9.0811141e-01   9.1697729e-01   9.2313882e-01   9.2750290e-01   9.3060243e-01   9.3293115e-01   9.3417363e-01   9.3369263e-01   9.2991071e-01   9.2056972e-01   9.0556867e-01   8.9137472e-01   8.8179051e-01   8.7848020e-01   8.8240945e-01
   8.8446780e-01   8.9811861e-01   9.0725791e-01   9.1380333e-01   9.1881154e-01   9.2271035e-01   9.2561680e-01   9.2740071e-01   9.2756173e-01   9.2425029e-01   9.1597811e-01   9.0247266e-01   8.8808502e-01   8.7651472e-01   8.7017447e-01   8.7139241e-01   8.8390032e-01   8.9786377e-01   9.0744499e-01   9.1418605e-01   9.1899214e-01   9.2242634e-01   9.2501779e-01   9.2643413e-01   9.2602473e-01   9.2212600e-01   9.1253002e-01   8.9702969e-01   8.8218291e-01   8.7190650e-01   8.6803230e-01   8.7149886e-01
   8.7330322e-01   8.8731785e-01   8.9706459e-01   9.0417099e-01   9.0965853e-01   9.1394669e-01   9.1715504e-01   9.1914562e-01   9.1943149e-01   9.1614768e-01   9.0776730e-01   8.9401640e-01   8.7913858e-01   8.6701067e-01   8.6005874e-01   8.6064948e-01   8.7277008e-01   8.8707548e-01   8.9730286e-01   9.0460779e-01   9.0985960e-01   9.1364033e-01   9.1650590e-01   9.1811326e-01   9.1780664e-01   9.1385792e-01   9.0416151e-01   8.8838137e-01   8.7305758e-01   8.6218636e-01   8.5775219e-01   8.6061740e-01
   8.6194202e-01   8.7601676e-01   8.8627078e-01   8.9390839e-01   8.9987382e-01   9.0455748e-01   9.0807505e-01   9.1028585e-01   9.1072441e-01   9.0754127e-01   8.9919634e-01   8.8540270e-01   8.7022620e-01   8.5768550e-01   8.5017402e-01   8.5007428e-01   8.6146596e-01   8.7580251e-01   8.8657273e-01   8.9440694e-01   9.0009860e-01   9.0423302e-01   9.0738048e-01   9.0919449e-01   9.0902400e-01   9.0509824e-01   8.9546907e-01   8.7964284e-01   8.6404186e-01   8.5269552e-01   8.4772746e-01   8.4988206e-01
   8.5050201e-01   8.6428814e-01   8.7491474e-01   8.8303234e-01   8.8946214e-01   8.9453990e-01   8.9836800e-01   9.0081076e-01   9.0142907e-01   8.9842400e-01   8.9026240e-01   8.7663768e-01   8.6136885e-01   8.4857702e-01   8.4058379e-01   8.3976464e-01   8.5010462e-01   8.6412160e-01   8.7529426e-01   8.8360095e-01   8.8971505e-01   8.9420399e-01   8.9763588e-01   8.9966964e-01   8.9966946e-01   8.9584335e-01   8.8645746e-01   8.7082317e-01   8.5516507e-01   8.4348142e-01   8.3802616e-01   8.3939712e-01
   8.3910549e-01   8.5222567e-01   8.6305485e-01   8.7157716e-01   8.7844318e-01   8.8390426e-01   8.8803689e-01   8.9072041e-01   8.9154348e-01   8.8879594e-01   8.8096445e-01   8.6772331e-01   8.5257568e-01   8.3970524e-01   8.3133247e-01   8.2979861e-01   8.3880488e-01   8.5212995e-01   8.6352644e-01   8.7222428e-01   8.7873002e-01   8.8356650e-01   8.8727851e-01   8.8954149e-01   8.8974510e-01   8.8609764e-01   8.7713245e-01   8.6192490e-01   8.4644124e-01   8.3457367e-01   8.2869548e-01   8.2924885e-01
   8.2787295e-01   8.3994294e-01   8.5077037e-01   8.5959675e-01   8.6685391e-01   8.7267635e-01   8.7709949e-01   8.8002828e-01   8.8107787e-01   8.7866521e-01   8.7130763e-01   8.5865982e-01   8.4384510e-01   8.3107563e-01   8.2244577e-01   8.2023223e-01   8.2768165e-01   8.3994367e-01   8.5134814e-01   8.6033005e-01   8.6718193e-01   8.7234979e-01   8.7632966e-01   8.7882618e-01   8.7926464e-01   8.7587712e-01   8.6750205e-01   8.5294712e-01   8.3787059e-01   8.2598392e-01   8.1976199e-01   8.1950268e-01
   8.1691711e-01   8.2757104e-01   8.3816105e-01   8.4716587e-01   8.5475009e-01   8.6089915e-01   8.6559063e-01   8.6876320e-01   8.7005711e-01   8.6804807e-01   8.6130316e-01   8.4944965e-01   8.3516937e-01   8.2268322e-01   8.1393325e-01   8.1109982e-01   8.1684092e-01   8.2769467e-01   8.3885749e-01   8.4799098e-01   8.5512783e-01   8.6060058e-01   8.6482751e-01   8.6755531e-01   8.6825413e-01   8.6520920e-01   8.5757963e-01   8.4388842e-01   8.2944190e-01   8.1770608e-01   8.1123375e-01   8.1020249e-01
   8.0633787e-01   8.1525421e-01   8.2534521e-01   8.3438044e-01   8.4220674e-01   8.4863348e-01   8.5356295e-01   8.5697029e-01   8.5852181e-01   8.5697146e-01   8.5096856e-01   8.4010215e-01   8.2654189e-01   8.1451321e-01   8.0579082e-01   8.0241576e-01   8.0637600e-01   8.1552609e-01   8.2617001e-01   8.3529923e-01   8.4264360e-01   8.4838362e-01   8.5282802e-01   8.5577700e-01   8.5675273e-01   8.5412948e-01   8.4738856e-01   8.3475295e-01   8.2113539e-01   8.0972073e-01   8.0310470e-01   8.0137189e-01
   7.9621839e-01   8.0314332e-01   8.1245674e-01   8.2135662e-01   8.2931728e-01   8.3595743e-01   8.4108606e-01   8.4471122e-01   8.4652792e-01   8.4547987e-01   8.4033642e-01   8.3063040e-01   8.1796287e-01   8.0654290e-01   7.9800041e-01   7.9417784e-01   7.9636506e-01   8.0358617e-01   8.1341559e-01   8.2236501e-01   8.2982301e-01   8.3578079e-01   8.4040466e-01   8.4355571e-01   8.4481547e-01   8.4268132e-01   8.3696335e-01   8.2555545e-01   8.1293002e-01   8.0200103e-01   7.9535803e-01   7.9301644e-01
   7.8662227e-01   7.9138755e-01   7.9964087e-01   8.0822838e-01   8.1619123e-01   8.2296478e-01   8.2824535e-01   8.3206429e-01   8.3414374e-01   8.3363522e-01   8.2945828e-01   8.2104407e-01   8.0943875e-01   7.9875071e-01   7.9052827e-01   7.8637210e-01   7.8686950e-01   7.9202035e-01   8.0073448e-01   8.0931411e-01   8.1677560e-01   8.2288897e-01   8.2764683e-01   8.3097082e-01   8.3251611e-01   8.3092522e-01   8.2634187e-01   8.1631874e-01   8.0481072e-01   7.9451645e-01   7.8796561e-01   7.8512501e-01
   7.7759163e-01   7.8012542e-01   7.8704943e-01   7.9514291e-01   8.0295105e-01   8.0976288e-01   8.1514147e-01   8.1912336e-01   8.2144835e-01   8.2150952e-01   8.1839225e-01   8.1135580e-01   8.0097491e-01   7.9112035e-01   7.8332927e-01   7.7897749e-01   7.7793256e-01   7.8096229e-01   7.8827236e-01   7.9628397e-01   8.0362366e-01   8.0981647e-01   8.1465636e-01   8.1811290e-01   8.1994175e-01   8.1894104e-01   8.1555588e-01   8.0706744e-01   7.9677679e-01   7.8724216e-01   7.8088917e-01   7.7766964e-01
   7.6914622e-01   7.6947642e-01   7.7483565e-01   7.8225346e-01   7.8972886e-01   7.9647023e-01   8.0188753e-01   8.0599411e-01   8.0853812e-01   8.0919143e-01   8.0718848e-01   8.0159246e-01   7.9256649e-01   7.8363715e-01   7.7635992e-01   7.7196617e-01   7.6957733e-01   7.7052508e-01   7.7617519e-01   7.8341923e-01   7.9049825e-01   7.9667840e-01   8.0154175e-01   8.0508012e-01   8.0718598e-01   8.0681082e-01   8.0464789e-01   7.9782126e-01   7.8884703e-01   7.8016810e-01   7.7408688e-01   7.7060747e-01
   7.6128362e-01   7.5953322e-01   7.6314858e-01   7.6971068e-01   7.7666370e-01   7.8321275e-01   7.8860242e-01   7.9278853e-01   7.9552741e-01   7.9678875e-01   7.9590453e-01   7.9180738e-01   7.8420434e-01   7.7628036e-01   7.6959029e-01   7.6529802e-01   7.6180343e-01   7.6079348e-01   7.6458376e-01   7.7086657e-01   7.7753422e-01   7.8359192e-01   7.8841273e-01   7.9197926e-01   7.9434854e-01   7.9461620e-01   7.9369087e-01   7.8858542e-01   7.8103794e-01   7.7327391e-01   7.6751514e-01   7.6388488e-01
   7.5398055e-01   7.5035455e-01   7.5212530e-01   7.5765427e-01   7.6389805e-01   7.7011910e-01   7.7540575e-01   7.7962139e-01   7.8253203e-01   7.8440596e-01   7.8460772e-01   7.8204971e-01   7.7590378e-01   7.6901504e-01   7.6299928e-01   7.5891957e-01   7.5458348e-01   7.5181675e-01   7.5362604e-01   7.5876823e-01   7.6486464e-01   7.7067277e-01   7.7537568e-01   7.7892286e-01   7.8153396e-01   7.8245110e-01   7.8275265e-01   7.7937470e-01   7.7333558e-01   7.6651252e-01   7.6112720e-01   7.5744267e-01
   7.4719414e-01   7.4196010e-01   7.4187953e-01   7.4620674e-01   7.5157229e-01   7.5731684e-01   7.6241647e-01   7.6660437e-01   7.6966178e-01   7.7211950e-01   7.7333758e-01   7.7233559e-01   7.6766880e-01   7.6181946e-01   7.5655411e-01   7.5277589e-01   7.4786398e-01   7.4360256e-01   7.4340567e-01   7.4725237e-01   7.5261485e-01   7.5803271e-01   7.6253070e-01   7.6601478e-01   7.6883583e-01   7.7041399e-01   7.7187238e-01   7.7024517e-01   7.6573742e-01   7.5984936e-01   7.5488724e-01   7.5122631e-01
   7.4086364e-01   7.3433006e-01   7.3248976e-01   7.3546940e-01   7.3981745e-01   7.4493077e-01   7.4974632e-01   7.5384692e-01   7.5701769e-01   7.5999101e-01   7.6213825e-01   7.6266815e-01   7.5947533e-01   7.5471159e-01   7.5022185e-01   7.4682046e-01   7.4157333e-01   7.3611705e-01   7.3399119e-01   7.3642164e-01   7.4089770e-01   7.4577742e-01   7.4997346e-01   7.5334803e-01   7.5632910e-01   7.5857299e-01   7.6108768e-01   7.6123641e-01   7.5823124e-01   7.5328072e-01   7.4876540e-01   7.4519381e-01
   7.3491423e-01   7.2741245e-01   7.2399079e-01   7.2551938e-01   7.2874634e-01   7.3307850e-01   7.3750213e-01   7.4145000e-01   7.4468378e-01   7.4808638e-01   7.5109938e-01   7.5306704e-01   7.5133556e-01   7.4771775e-01   7.4398761e-01   7.4101315e-01   7.3563452e-01   7.2929403e-01   7.2541199e-01   7.2634757e-01   7.2981005e-01   7.3400499e-01   7.3779270e-01   7.4100441e-01   7.4409599e-01   7.4699106e-01   7.5044014e-01   7.5233281e-01   7.5074657e-01   7.4679447e-01   7.4272337e-01   7.3931963e-01
   7.2926535e-01   7.2113492e-01   7.1636757e-01   7.1640672e-01   7.1844431e-01   7.2186400e-01   7.2578940e-01   7.2948815e-01   7.3273612e-01   7.3648512e-01   7.4028022e-01   7.4353524e-01   7.4324992e-01   7.4084218e-01   7.3782748e-01   7.3530468e-01   7.2997832e-01   7.2304500e-01   7.1765866e-01   7.1707533e-01   7.1942688e-01   7.2280690e-01   7.2606607e-01   7.2905521e-01   7.3221776e-01   7.3571425e-01   7.3997582e-01   7.4348581e-01   7.4324191e-01   7.4032306e-01   7.3674330e-01   7.3359094e-01
   7.2383968e-01   7.1540919e-01   7.0955895e-01   7.0815043e-01   7.0896541e-01   7.1137826e-01   7.1469761e-01   7.1802333e-01   7.2123765e-01   7.2523089e-01   7.2972933e-01   7.3412303e-01   7.3528259e-01   7.3410290e-01   7.3168215e-01   7.2962928e-01   7.2454938e-01   7.1726646e-01   7.1068684e-01   7.0862602e-01   7.0979886e-01   7.1226812e-01   7.1486494e-01   7.1757733e-01   7.2074853e-01   7.2475346e-01   7.2970948e-01   7.3472254e-01   7.3575943e-01   7.3386491e-01   7.3080077e-01   7.2797142e-01
   7.1856539e-01   7.1011916e-01   7.0347017e-01   7.0073238e-01   7.0033376e-01   7.0169183e-01   7.0429575e-01   7.0711829e-01   7.1022378e-01   7.1434105e-01   7.1947579e-01   7.2487053e-01   7.2744966e-01   7.2740174e-01   7.2553561e-01   7.2394707e-01   7.1928854e-01   7.1185430e-01   7.0442405e-01   7.0099469e-01   7.0095832e-01   7.0245281e-01   7.0425499e-01   7.0663752e-01   7.0975244e-01   7.1410897e-01   7.1964838e-01   7.2602220e-01   7.2832005e-01   7.2745922e-01   7.2483242e-01   7.2238109e-01
   7.1337684e-01   7.0512620e-01   6.9797966e-01   6.9409205e-01   6.9254193e-01   6.9282976e-01   6.9462771e-01   6.9684550e-01   6.9974599e-01   7.0386281e-01   7.0951988e-01   7.1578801e-01   7.1970049e-01   7.2060436e-01   7.1934445e-01   7.1823001e-01   7.1412667e-01   7.0671927e-01   6.9877235e-01   6.9415589e-01   6.9292033e-01   6.9339218e-01   6.9430594e-01   6.9629296e-01   6.9928027e-01   7.0381075e-01   7.0979618e-01   7.1727487e-01   7.2084587e-01   7.2105469e-01   7.1886609e-01   7.1673400e-01
   7.0821784e-01   7.0030640e-01   6.9294964e-01   6.8812810e-01   6.8554816e-01   6.8476971e-01   6.8569480e-01   6.8726441e-01   6.8982209e-01   6.9378924e-01   6.9978153e-01   7.0683071e-01   7.1199212e-01   7.1380148e-01   7.1313316e-01   7.1247172e-01   7.0900632e-01   7.0177761e-01   6.9361309e-01   6.8806193e-01   6.8567050e-01   6.8508735e-01   6.8510086e-01   6.8660515e-01   6.8935621e-01   6.9384434e-01   7.0012187e-01   7.0854064e-01   7.1331250e-01   7.1456649e-01   7.1288538e-01   7.1102678e-01
   7.0303730e-01   6.9558518e-01   6.8824299e-01   6.8270842e-01   6.7928499e-01   6.7748076e-01   6.7746854e-01   6.7838392e-01   6.8042474e-01   6.8407059e-01   6.9028957e-01   6.9794102e-01   7.0416981e-01   7.0705865e-01   7.0699401e-01   7.0664643e-01   7.0384549e-01   6.9692459e-01   6.8881691e-01   6.8262903e-01   6.7916388e-01   6.7750928e-01   6.7668200e-01   6.7759318e-01   6.7997692e-01   6.8419209e-01   6.9062280e-01   6.9974975e-01   7.0567688e-01   7.0790914e-01   7.0682469e-01   7.0528321e-01
   6.9777761e-01   6.9093246e-01   6.8374975e-01   6.7770916e-01   6.7365880e-01   6.7092668e-01   6.6993829e-01   6.7016920e-01   6.7153821e-01   6.7480311e-01   6.8104155e-01   6.8917018e-01   6.9622749e-01   7.0024626e-01   7.0078313e-01   7.0070560e-01   6.9855632e-01   6.9206407e-01   6.8425707e-01   6.7772367e-01   6.7334069e-01   6.7061944e-01   6.6901499e-01   6.6924935e-01   6.7113505e-01   6.7491209e-01   6.8126459e-01   6.9087563e-01   6.9799091e-01   7.0105140e-01   7.0057947e-01   6.9952068e-01
   6.9239467e-01   6.8630320e-01   6.7938488e-01   6.7305026e-01   6.6853536e-01   6.6504561e-01   6.6311584e-01   6.6259634e-01   6.6321775e-01   6.6608036e-01   6.7207650e-01   6.8036470e-01   6.8824497e-01   6.9330726e-01   6.9436171e-01   6.9456723e-01   6.9309142e-01   6.8716776e-01   6.7981778e-01   6.7318012e-01   6.6812016e-01   6.6436872e-01   6.6204534e-01   6.6158866e-01   6.6283826e-01   6.6603888e-01   6.7211460e-01   6.8192912e-01   6.9016645e-01   6.9404672e-01   6.9423226e-01   6.9363946e-01
   6.8685175e-01   6.8161498e-01   6.7505519e-01   6.6866493e-01   6.6376367e-01   6.5974363e-01   6.5698254e-01   6.5566607e-01   6.5550564e-01   6.5789704e-01   6.6344643e-01   6.7159552e-01   6.8033936e-01   6.8614829e-01   6.8770187e-01   6.8820530e-01   6.8743481e-01   6.8222874e-01   6.7539018e-01   6.6884457e-01   6.6335354e-01   6.5869167e-01   6.5575107e-01   6.5466272e-01   6.5517094e-01   6.5759018e-01   6.6313161e-01   6.7296550e-01   6.8215496e-01   6.8702284e-01   6.8787549e-01   6.8760821e-01
   6.8111972e-01   6.7680600e-01   6.7067545e-01   6.6445522e-01   6.5922378e-01   6.5488782e-01   6.5144336e-01   6.4936392e-01   6.4841561e-01   6.5018242e-01   6.5509616e-01   6.6290097e-01   6.7235376e-01   6.7877312e-01   6.8105623e-01   6.8170340e-01   6.8158255e-01   6.7715516e-01   6.7090492e-01   6.6457664e-01   6.5884901e-01   6.5351981e-01   6.5009990e-01   6.4845919e-01   6.4813931e-01   6.4960232e-01   6.5444270e-01   6.6396476e-01   6.7399629e-01   6.7984521e-01   6.8133881e-01   6.8134657e-01
   6.7516799e-01   6.7179545e-01   6.6618878e-01   6.6029436e-01   6.5485262e-01   6.5032781e-01   6.4633525e-01   6.4360120e-01   6.4195059e-01   6.4283838e-01   6.4695204e-01   6.5434293e-01   6.6412865e-01   6.7108890e-01   6.7438808e-01   6.7507211e-01   6.7548424e-01   6.7186607e-01   6.6633598e-01   6.6023278e-01   6.5445037e-01   6.4874238e-01   6.4498701e-01   6.4287299e-01   6.4157251e-01   6.4213453e-01   6.4600836e-01   6.5494956e-01   6.6566995e-01   6.7240522e-01   6.7449764e-01   6.7479129e-01
   6.6894364e-01   6.6648936e-01   6.6152666e-01   6.5606081e-01   6.5062056e-01   6.4595671e-01   6.4150708e-01   6.3821463e-01   6.3601222e-01   6.3590686e-01   6.3901268e-01   6.4573025e-01   6.5575478e-01   6.6310229e-01   6.6741484e-01   6.6826896e-01   6.6901672e-01   6.6637504e-01   6.6160379e-01   6.5574576e-01   6.5002595e-01   6.4422321e-01   6.4033066e-01   6.3770797e-01   6.3530802e-01   6.3505992e-01   6.3777997e-01   6.4588967e-01   6.5700875e-01   6.6460380e-01   6.6759618e-01   6.6798526e-01
   6.6246146e-01   6.6092049e-01   6.5660470e-01   6.5164620e-01   6.4644321e-01   6.4169343e-01   6.3686938e-01   6.3310239e-01   6.3046198e-01   6.2933481e-01   6.3128776e-01   6.3709919e-01   6.4710101e-01   6.5485734e-01   6.6013007e-01   6.6128632e-01   6.6219395e-01   6.6069794e-01   6.5659124e-01   6.5113827e-01   6.4549549e-01   6.3991977e-01   6.3606728e-01   6.3276183e-01   6.2939635e-01   6.2824733e-01   6.2983950e-01   6.3698269e-01   6.4823340e-01   6.5643416e-01   6.6056401e-01   6.6099748e-01
   6.5566915e-01   6.5503665e-01   6.5145814e-01   6.4699449e-01   6.4217499e-01   6.3737812e-01   6.3237696e-01   6.2823546e-01   6.2520666e-01   6.2308658e-01   6.2384286e-01   6.2892816e-01   6.3809357e-01   6.4644611e-01   6.5222598e-01   6.5403540e-01   6.5513998e-01   6.5460477e-01   6.5129122e-01   6.4640044e-01   6.4088710e-01   6.3584263e-01   6.3202936e-01   6.2794597e-01   6.2387455e-01   6.2175803e-01   6.2231356e-01   6.2807482e-01   6.3910746e-01   6.4797810e-01   6.5297160e-01   6.5390619e-01
   6.4868397e-01   6.4875409e-01   6.4607477e-01   6.4202433e-01   6.3772533e-01   6.3292086e-01   6.2795825e-01   6.2355086e-01   6.2020134e-01   6.1724686e-01   6.1673835e-01   6.2091204e-01   6.2909001e-01   6.3798954e-01   6.4418725e-01   6.4673732e-01   6.4778147e-01   6.4799695e-01   6.4576677e-01   6.4153957e-01   6.3628730e-01   6.3193462e-01   6.2796483e-01   6.2322387e-01   6.1867010e-01   6.1560692e-01   6.1520187e-01   6.1929499e-01   6.2949189e-01   6.3924395e-01   6.4499764e-01   6.4674012e-01
   6.4152027e-01   6.4209139e-01   6.4049040e-01   6.3673671e-01   6.3305837e-01   6.2837537e-01   6.2352021e-01   6.1897559e-01   6.1531667e-01   6.1175200e-01   6.1002187e-01   6.1298604e-01   6.2014589e-01   6.2947024e-01   6.3607156e-01   6.3923184e-01   6.4021392e-01   6.4110583e-01   6.3996648e-01   6.3653027e-01   6.3172691e-01   6.2803122e-01   6.2370732e-01   6.1856236e-01   6.1369418e-01   6.0984445e-01   6.0833002e-01   6.1085068e-01   6.1985988e-01   6.2993223e-01   6.3665947e-01   6.3902214e-01
   6.3382109e-01   6.3518288e-01   6.3458456e-01   6.3136742e-01   6.2815419e-01   6.2374440e-01   6.1907214e-01   6.1449022e-01   6.1038544e-01   6.0641158e-01   6.0367093e-01   6.0529081e-01   6.1131496e-01   6.2056696e-01   6.2762968e-01   6.3127944e-01   6.3266774e-01   6.3392983e-01   6.3380292e-01   6.3116713e-01   6.2716554e-01   6.2383801e-01   6.1926563e-01   6.1392754e-01   6.0889263e-01   6.0438492e-01   6.0173149e-01   6.0277900e-01   6.1033808e-01   6.2038041e-01   6.2779328e-01   6.3104191e-01
   6.2579137e-01   6.2789819e-01   6.2820027e-01   6.2586028e-01   6.2302820e-01   6.1893208e-01   6.1458665e-01   6.0998648e-01   6.0538213e-01   6.0108578e-01   5.9758601e-01   5.9790199e-01   6.0268367e-01   6.1132685e-01   6.1902376e-01   6.2285573e-01   6.2483003e-01   6.2655189e-01   6.2729182e-01   6.2536580e-01   6.2239691e-01   6.1911010e-01   6.1462604e-01   6.0935357e-01   6.0417270e-01   5.9911357e-01   5.9563326e-01   5.9547939e-01   6.0122013e-01   6.1082883e-01   6.1856179e-01   6.2241818e-01
   6.1721601e-01   6.2023377e-01   6.2131641e-01   6.2005998e-01   6.1757389e-01   6.1396870e-01   6.0993859e-01   6.0534768e-01   6.0044380e-01   5.9581065e-01   5.9171708e-01   5.9084121e-01   5.9419984e-01   6.0173111e-01   6.0993791e-01   6.1419808e-01   6.1643997e-01   6.1894616e-01   6.2039976e-01   6.1922290e-01   6.1714127e-01   6.1380207e-01   6.0978335e-01   6.0473893e-01   5.9936883e-01   5.9383760e-01   5.8991794e-01   5.8890462e-01   5.9271436e-01   6.0106838e-01   6.0920379e-01   6.1348448e-01
   6.0838440e-01   6.1228037e-01   6.1397656e-01   6.1392073e-01   6.1178300e-01   6.0890624e-01   6.0511682e-01   6.0052180e-01   5.9564385e-01   5.9066049e-01   5.8606509e-01   5.8399306e-01   5.8581534e-01   5.9222529e-01   6.0014619e-01   6.0486901e-01   6.0766715e-01   6.1109754e-01   6.1310648e-01   6.1288270e-01   6.1139347e-01   6.0811506e-01   6.0467212e-01   5.9983665e-01   5.9427468e-01   5.8854111e-01   5.8440936e-01   5.8265977e-01   5.8453765e-01   5.9147756e-01   5.9962699e-01   6.0435133e-01
   5.9914036e-01   6.0384897e-01   6.0646918e-01   6.0730163e-01   6.0574887e-01   6.0354662e-01   6.0012630e-01   5.9553074e-01   5.9083015e-01   5.8543168e-01   5.8064073e-01   5.7731050e-01   5.7787768e-01   5.8299283e-01   5.9001916e-01   5.9523626e-01   5.9856089e-01   6.0260913e-01   6.0543836e-01   6.0614315e-01   6.0501403e-01   6.0218172e-01   5.9904579e-01   5.9451105e-01   5.8882227e-01   5.8341867e-01   5.7911375e-01   5.7651568e-01   5.7656985e-01   5.8207353e-01   5.8965237e-01   5.9521580e-01
   5.8964569e-01   5.9479419e-01   5.9860192e-01   6.0011190e-01   5.9927727e-01   5.9764021e-01   5.9479927e-01   5.9045530e-01   5.8546744e-01   5.7993210e-01   5.7511615e-01   5.7093627e-01   5.7033881e-01   5.7388093e-01   5.8006211e-01   5.8565626e-01   5.8914376e-01   5.9351731e-01   5.9705969e-01   5.9858711e-01   5.9798154e-01   5.9588532e-01   5.9298746e-01   5.8866306e-01   5.8313107e-01   5.7832906e-01   5.7393499e-01   5.7045266e-01   5.6908194e-01   5.7293013e-01   5.7976661e-01   5.8586490e-01
   5.8001224e-01   5.8515281e-01   5.9014907e-01   5.9235175e-01   5.9237752e-01   5.9118351e-01   5.8873374e-01   5.8501441e-01   5.7940104e-01   5.7400244e-01   5.6918132e-01   5.6471904e-01   5.6301439e-01   5.6508410e-01   5.7046924e-01   5.7578984e-01   5.7954329e-01   5.8430020e-01   5.8819461e-01   5.9035804e-01   5.9065532e-01   5.8952221e-01   5.8661902e-01   5.8239115e-01   5.7742548e-01   5.7302490e-01   5.6861058e-01   5.6437348e-01   5.6189903e-01   5.6399578e-01   5.6994033e-01   5.7610395e-01
   5.7021572e-01   5.7529537e-01   5.8085056e-01   5.8395556e-01   5.8473627e-01   5.8394530e-01   5.8178929e-01   5.7857683e-01   5.7294295e-01   5.6765542e-01   5.6288193e-01   5.5846170e-01   5.5585088e-01   5.5668094e-01   5.6074919e-01   5.6592029e-01   5.6997461e-01   5.7443510e-01   5.7899057e-01   5.8165629e-01   5.8286122e-01   5.8278285e-01   5.7978414e-01   5.7580350e-01   5.7157699e-01   5.6727672e-01   5.6273182e-01   5.5799599e-01   5.5482520e-01   5.5555774e-01   5.6032988e-01   5.6617921e-01
   5.6079178e-01   5.6549581e-01   5.7068375e-01   5.7462250e-01   5.7630892e-01   5.7591105e-01   5.7426943e-01   5.7105880e-01   5.6609104e-01   5.6104765e-01   5.5622152e-01   5.5199320e-01   5.4888472e-01   5.4844579e-01   5.5112105e-01   5.5625450e-01   5.6050405e-01   5.6443964e-01   5.6916915e-01   5.7251305e-01   5.7452117e-01   5.7472961e-01   5.7200342e-01   5.6850851e-01   5.6509951e-01   5.6094565e-01   5.5609646e-01   5.5119921e-01   5.4797378e-01   5.4771224e-01   5.5140986e-01   5.5647774e-01
   5.5181018e-01   5.5556918e-01   5.6030125e-01   5.6443124e-01   5.6729409e-01   5.6749123e-01   5.6594688e-01   5.6265755e-01   5.5874688e-01   5.5412524e-01   5.4920075e-01   5.4515720e-01   5.4207496e-01   5.4042591e-01   5.4225722e-01   5.4684622e-01   5.5106553e-01   5.5468272e-01   5.5896558e-01   5.6318613e-01   5.6552478e-01   5.6561715e-01   5.6348049e-01   5.6053196e-01   5.5772647e-01   5.5376554e-01   5.4893523e-01   5.4420446e-01   5.4121239e-01   5.4014228e-01   5.4291178e-01   5.4730586e-01
   5.4306215e-01   5.4583580e-01   5.4975994e-01   5.5387448e-01   5.5729854e-01   5.5837292e-01   5.5653750e-01   5.5346092e-01   5.5050107e-01   5.4664087e-01   5.4214383e-01   5.3835312e-01   5.3530608e-01   5.3316737e-01   5.3431245e-01   5.3802232e-01   5.4153282e-01   5.4488927e-01   5.4885462e-01   5.5332691e-01   5.5565509e-01   5.5594532e-01   5.5445415e-01   5.5214993e-01   5.4932780e-01   5.4559449e-01   5.4126121e-01   5.3731237e-01   5.3430955e-01   5.3296330e-01   5.3458210e-01   5.3856775e-01
   5.3410730e-01   5.3644392e-01   5.3934048e-01   5.4320290e-01   5.4642930e-01   5.4769706e-01   5.4623398e-01   5.4376724e-01   5.4134196e-01   5.3851655e-01   5.3496055e-01   5.3140111e-01   5.2828196e-01   5.2652224e-01   5.2661794e-01   5.2924718e-01   5.3212610e-01   5.3503445e-01   5.3889949e-01   5.4291166e-01   5.4517437e-01   5.4555989e-01   5.4442629e-01   5.4281649e-01   5.4009093e-01   5.3670500e-01   5.3317838e-01   5.3013683e-01   5.2726688e-01   5.2603184e-01   5.2655679e-01   5.2995589e-01
   5.2501947e-01   5.2705002e-01   5.2945846e-01   5.3254433e-01   5.3505314e-01   5.3586975e-01   5.3519265e-01   5.3344914e-01   5.3165633e-01   5.2964179e-01   5.2692986e-01   5.2375712e-01   5.2106523e-01   5.1967577e-01   5.1917774e-01   5.2073449e-01   5.2329896e-01   5.2547740e-01   5.2895619e-01   5.3210823e-01   5.3411944e-01   5.3435051e-01   5.3355929e-01   5.3248061e-01   5.3030070e-01   5.2721212e-01   5.2458981e-01   5.2238617e-01   5.2012726e-01   5.1913107e-01   5.1902363e-01   5.2167124e-01
   5.1600284e-01   5.1751656e-01   5.1972748e-01   5.2170722e-01   5.2321663e-01   5.2365143e-01   5.2364115e-01   5.2247857e-01   5.2157565e-01   5.1984048e-01   5.1775525e-01   5.1568572e-01   5.1393747e-01   5.1245733e-01   5.1203417e-01   5.1319358e-01   5.1517093e-01   5.1634492e-01   5.1875624e-01   5.2095509e-01   5.2223143e-01   5.2241585e-01   5.2232388e-01   5.2130771e-01   5.1945399e-01   5.1740112e-01   5.1562462e-01   5.1405810e-01   5.1261416e-01   5.1203424e-01   5.1191471e-01   5.1354136e-01
   5.0711298e-01   5.0833612e-01   5.0980982e-01   5.1073742e-01   5.1101871e-01   5.1134431e-01   5.1148650e-01   5.1102513e-01   5.1087743e-01   5.0965841e-01   5.0859099e-01   5.0759079e-01   5.0668546e-01   5.0545728e-01   5.0514632e-01   5.0615510e-01   5.0729506e-01   5.0788378e-01   5.0856273e-01   5.0952588e-01   5.0992800e-01   5.1013265e-01   5.1052958e-01   5.0965698e-01   5.0829532e-01   5.0748915e-01   5.0653151e-01   5.0561018e-01   5.0493363e-01   5.0478894e-01   5.0484838e-01   5.0544143e-01
