  -9.9966470e-01
  -9.9896395e-01
  -9.9820020e-01
  -9.9736784e-01
  -9.9646077e-01
  -9.9547236e-01
  -9.9439542e-01
  -9.9322212e-01
  -9.9194397e-01
  -9.9055174e-01
  -9.8903546e-01
  -9.8738427e-01
  -9.8558643e-01
  -9.8362923e-01
  -9.8149888e-01
  -9.7918051e-01
  -9.7665803e-01
  -9.7391405e-01
  -9.7092985e-01
  -9.6768523e-01
  -9.6415844e-01
  -9.6032613e-01
  -9.5616320e-01
  -9.5164275e-01
  -9.4673601e-01
  -9.4141220e-01
  -9.3563855e-01
  -9.2938017e-01
  -9.2260002e-01
  -9.1525890e-01
  -9.0731545e-01
  -8.9872614e-01
  -8.8944534e-01
  -8.7942541e-01
  -8.6861686e-01
  -8.5696848e-01
  -8.4442765e-01
  -8.3094059e-01
  -8.1645280e-01
  -8.0090946e-01
  -7.8425602e-01
  -7.6643884e-01
  -7.4740587e-01
  -7.2710751e-01
  -7.0549750e-01
  -6.8253392e-01
  -6.5818028e-01
  -6.3240661e-01
  -6.0519064e-01
  -5.7651901e-01
  -5.4638841e-01
  -5.1480671e-01
  -4.8179397e-01
  -4.4738335e-01
  -4.1162180e-01
  -3.7457059e-01
  -3.3630547e-01
  -2.9691666e-01
  -2.5650841e-01
  -2.1519826e-01
  -1.7311600e-01
  -1.3040214e-01
  -8.7206302e-02
  -4.3685103e-02
   0.0000000e+00
   4.3685103e-02
   8.7206302e-02
   1.3040214e-01
   1.7311600e-01
   2.1519826e-01
   2.5650841e-01
   2.9691666e-01
   3.3630547e-01
   3.7457059e-01
   4.1162180e-01
   4.4738335e-01
   4.8179397e-01
   5.1480671e-01
   5.4638841e-01
   5.7651901e-01
   6.0519064e-01
   6.3240661e-01
   6.5818028e-01
   6.8253392e-01
   7.0549750e-01
   7.2710751e-01
   7.4740587e-01
   7.6643884e-01
   7.8425602e-01
   8.0090946e-01
   8.1645280e-01
   8.3094059e-01
   8.4442765e-01
   8.5696848e-01
   8.6861686e-01
   8.7942541e-01
   8.8944534e-01
   8.9872614e-01
   9.0731545e-01
   9.1525890e-01
   9.2260002e-01
   9.2938017e-01
   9.3563855e-01
   9.4141220e-01
   9.4673601e-01
   9.5164275e-01
   9.5616320e-01
   9.6032613e-01
   9.6415844e-01
   9.6768523e-01
   9.7092985e-01
   9.7391405e-01
   9.7665803e-01
   9.7918051e-01
   9.8149888e-01
   9.8362923e-01
   9.8558643e-01
   9.8738427e-01
   9.8903546e-01
   9.9055174e-01
   9.9194397e-01
   9.9322212e-01
   9.9439542e-01
   9.9547236e-01
   9.9646077e-01
   9.9736784e-01
   9.9820020e-01
   9.9896395e-01
   9.9966470e-01
