   0.0000000e+00
   1.0000000e-03
   2.0325000e-03
   3.0985000e-03
   4.1991000e-03
   5.3354000e-03
   6.5084000e-03
   7.7193000e-03
   8.9693000e-03
   1.0260000e-02
   1.1591000e-02
   1.2966000e-02
   1.4385000e-02
   1.5849000e-02
   1.7360000e-02
   1.8920000e-02
   2.0529000e-02
   2.2189000e-02
   2.3903000e-02
   2.5670000e-02
   2.7494000e-02
   2.9375000e-02
   3.1316000e-02
   3.3317000e-02
   3.5382000e-02
   3.7512000e-02
   3.9708000e-02
   4.1972000e-02
   4.4308000e-02
   4.6715000e-02
   4.9198000e-02
   5.1757000e-02
   5.4395000e-02
   5.7114000e-02
   5.9916000e-02
   6.2804000e-02
   6.5780000e-02
   6.8847000e-02
   7.2006000e-02
   7.5260000e-02
   7.8612000e-02
   8.2065000e-02
   8.5620000e-02
   8.9281000e-02
   9.3050000e-02
   9.6931000e-02
   1.0092000e-01
   1.0504000e-01
   1.0927000e-01
   1.1362000e-01
   1.1810000e-01
   1.2270000e-01
   1.2744000e-01
   1.3231000e-01
   1.3732000e-01
   1.4247000e-01
   1.4776000e-01
   1.5320000e-01
   1.5879000e-01
   1.6453000e-01
   1.7043000e-01
   1.7648000e-01
   1.8270000e-01
   1.8908000e-01
   1.9563000e-01
   2.0235000e-01
   2.0924000e-01
   2.1632000e-01
   2.2357000e-01
   2.3100000e-01
   2.3862000e-01
   2.4642000e-01
   2.5442000e-01
   2.6261000e-01
   2.7100000e-01
   2.7958000e-01
   2.8836000e-01
   2.9735000e-01
   3.0654000e-01
   3.1594000e-01
   3.2554000e-01
   3.3536000e-01
   3.4538000e-01
   3.5562000e-01
   3.6607000e-01
   3.7674000e-01
   3.8762000e-01
   3.9872000e-01
   4.1003000e-01
   4.2156000e-01
   4.3330000e-01
   4.4526000e-01
   4.5743000e-01
   4.6981000e-01
   4.8241000e-01
   4.9522000e-01
   5.0824000e-01
   5.2146000e-01
   5.3489000e-01
   5.4852000e-01
   5.6234000e-01
   5.7637000e-01
   5.9058000e-01
   6.0498000e-01
   6.1957000e-01
   6.3433000e-01
   6.4926000e-01
   6.6437000e-01
   6.7964000e-01
   6.9507000e-01
   7.1064000e-01
   7.2636000e-01
   7.4223000e-01
   7.5822000e-01
   7.7433000e-01
   7.9057000e-01
   8.0691000e-01
   8.2335000e-01
   8.3989000e-01
   8.5651000e-01
   8.7321000e-01
   8.8998000e-01
   9.0680000e-01
   9.2368000e-01
   9.4060000e-01
   9.5755000e-01
   9.7452000e-01
   9.9151000e-01
   1.0085000e+00
   1.0255000e+00
   1.0424000e+00
   1.0594000e+00
   1.0763000e+00
   1.0932000e+00
   1.1100000e+00
   1.1268000e+00
   1.1435000e+00
   1.1601000e+00
   1.1767000e+00
   1.1931000e+00
   1.2094000e+00
   1.2257000e+00
   1.2418000e+00
   1.2578000e+00
   1.2736000e+00
   1.2894000e+00
   1.3049000e+00
   1.3204000e+00
   1.3356000e+00
   1.3507000e+00
   1.3657000e+00
   1.3804000e+00
   1.3950000e+00
   1.4094000e+00
   1.4236000e+00
   1.4377000e+00
   1.4515000e+00
   1.4651000e+00
   1.4785000e+00
   1.4918000e+00
   1.5048000e+00
   1.5176000e+00
   1.5302000e+00
   1.5426000e+00
   1.5547000e+00
   1.5667000e+00
   1.5784000e+00
   1.5900000e+00
   1.6013000e+00
   1.6124000e+00
   1.6233000e+00
   1.6339000e+00
   1.6444000e+00
   1.6546000e+00
   1.6646000e+00
   1.6745000e+00
   1.6841000e+00
   1.6935000e+00
   1.7026000e+00
   1.7116000e+00
   1.7204000e+00
   1.7290000e+00
   1.7374000e+00
   1.7456000e+00
   1.7536000e+00
   1.7614000e+00
   1.7690000e+00
   1.7764000e+00
   1.7837000e+00
   1.7908000e+00
   1.7976000e+00
   1.8044000e+00
   1.8109000e+00
   1.8173000e+00
   1.8235000e+00
   1.8296000e+00
   1.8355000e+00
   1.8412000e+00
   1.8468000e+00
   1.8522000e+00
   1.8575000e+00
   1.8627000e+00
   1.8677000e+00
   1.8726000e+00
   1.8773000e+00
   1.8819000e+00
   1.8864000e+00
   1.8907000e+00
   1.8950000e+00
   1.8991000e+00
   1.9031000e+00
   1.9069000e+00
   1.9107000e+00
   1.9144000e+00
   1.9179000e+00
   1.9214000e+00
   1.9247000e+00
   1.9280000e+00
   1.9311000e+00
   1.9342000e+00
   1.9372000e+00
   1.9401000e+00
   1.9429000e+00
   1.9456000e+00
   1.9482000e+00
   1.9508000e+00
   1.9533000e+00
   1.9557000e+00
   1.9580000e+00
   1.9603000e+00
   1.9625000e+00
   1.9646000e+00
   1.9667000e+00
   1.9687000e+00
   1.9706000e+00
   1.9725000e+00
   1.9743000e+00
   1.9761000e+00
   1.9778000e+00
   1.9795000e+00
   1.9811000e+00
   1.9826000e+00
   1.9842000e+00
   1.9856000e+00
   1.9870000e+00
   1.9884000e+00
   1.9897000e+00
   1.9910000e+00
   1.9923000e+00
   1.9935000e+00
   1.9947000e+00
   1.9958000e+00
   1.9969000e+00
   1.9980000e+00
   1.9990000e+00
   2.0000000e+00
